0   -0.426614
1   -0.443418
2   -0.447607
3   -0.450012
4   -0.456076
5   -0.461159
6   -0.465996
7   -0.477175
8   -0.480932
9   -0.490609
10   -0.501182
11   -0.508428
12   -0.515749
13   -0.515165
14   -0.523089
15   -0.524907
16   -0.532202
17   -0.53595
18   -0.542071
19   -0.539185
20   -0.555469
21   -0.547799
22   -0.552193
23   -0.562072
24   -0.568646
25   -0.568383
26   -0.574996
27   -0.57641
28   -0.566564
29   -0.579167
30   -0.586821
31   -0.582183
32   -0.585974
33   -0.592075
34   -0.591268
35   -0.598832
36   -0.59797
37   -0.60281
38   -0.599153
39   -0.603588
40   -0.612655
41   -0.60618
42   -0.608965
43   -0.624364
44   -0.611656
45   -0.621076
46   -0.612913
47   -0.620349
48   -0.616004
49   -0.619867
50   -0.626682
51   -0.61844
52   -0.623958
53   -0.627188
54   -0.626823
55   -0.627349
56   -0.635892
57   -0.635183
58   -0.634214
59   -0.635218
60   -0.62752
61   -0.628923
62   -0.630209
63   -0.63559
64   -0.634071
65   -0.63234
66   -0.632389
67   -0.643925
68   -0.637006
69   -0.64006
70   -0.637579
71   -0.635751
72   -0.638051
73   -0.642357
74   -0.640307
75   -0.642998
76   -0.644923
77   -0.642217
78   -0.647347
79   -0.641274
80   -0.647076
81   -0.652334
82   -0.649428
83   -0.649904
84   -0.647608
85   -0.649427
86   -0.651078
87   -0.647499
88   -0.653386
89   -0.657153
90   -0.654528
91   -0.654178
92   -0.644156
93   -0.652163
94   -0.655841
95   -0.650469
96   -0.650613
97   -0.650084
98   -0.653773
99   -0.654825
100   -0.651833
101   -0.656622
102   -0.656641
103   -0.660227
104   -0.653086
105   -0.655342
106   -0.651594
107   -0.653975
108   -0.653842
109   -0.659642
110   -0.656371
111   -0.656047
112   -0.652644
113   -0.660241
114   -0.657457
115   -0.657369
116   -0.654342
117   -0.651375
118   -0.652971
119   -0.65375
120   -0.651081
121   -0.664634
122   -0.652852
123   -0.654586
124   -0.662198
125   -0.66208
126   -0.666831
127   -0.660797
128   -0.662137
129   -0.663491
130   -0.658325
131   -0.659522
132   -0.657248
133   -0.667363
134   -0.660471
135   -0.657579
136   -0.659144
137   -0.65871
138   -0.657644
139   -0.658806
140   -0.665005
141   -0.659075
142   -0.669852
143   -0.666563
144   -0.660177
145   -0.662056
146   -0.663569
147   -0.663914
148   -0.666278
149   -0.663133
150   -0.669812
151   -0.655531
152   -0.660673
153   -0.662726
154   -0.655563
155   -0.657741
156   -0.662959
157   -0.665863
158   -0.658391
159   -0.664841
160   -0.659209
161   -0.663814
162   -0.657837
163   -0.666972
164   -0.663663
165   -0.663341
166   -0.65795
167   -0.658178
168   -0.668267
169   -0.662433
170   -0.665451
171   -0.666866
172   -0.663409
173   -0.663469
174   -0.669236
175   -0.660524
176   -0.659919
177   -0.662455
178   -0.66523
179   -0.665211
180   -0.667434
181   -0.665286
182   -0.665973
183   -0.668753
184   -0.664072
185   -0.659576
186   -0.666241
187   -0.665835
188   -0.661906
189   -0.663639
190   -0.662442
191   -0.661257
192   -0.663574
193   -0.65912
194   -0.671179
195   -0.659941
196   -0.665048
197   -0.663112
198   -0.666285
199   -0.667821
