 -0.00423603
  -0.0408324
   -0.065001
 -0.00506978
 -0.00619621
 -0.00432778
   0.0143931
  -0.0275914
  -0.0379682
   0.0376454
   0.0248556
   0.0435957
    0.055638
 -0.00951348
   -0.061007
 -0.00210327
 -0.00954439
  -0.0225061
 -0.00361963
 0.000160331
   0.0149588
  -0.0135168
  -0.0214835
 -0.00787673
  0.00590645
   0.0123171
  0.00805442
   0.0154935
   0.0151311
   0.0040828
  0.00325093
   0.0124283
   0.0103157
  0.00793369
  0.00272699
  0.00527204
   0.0106542
  0.00765787
   0.0178142
   0.0131173
    0.012741
 -0.00173985
  0.00287218
   0.0166955
   0.0101321
  0.00679535
   0.0102529
   0.0124191
   -0.808843
   -0.844434
   -0.460964
     3.25369
     -0.7026
   -0.490827
     0.21523
    0.342072
  -0.0778262
   -0.175793
   -0.089173
   -0.150105
  -0.0108075
  -0.0119638
  -0.0219248
    0.016269
   -0.013742
  -0.0129077
 -0.00741162
  0.00977925
   0.0167381
   0.0157586
  0.00519488
    0.022302
   0.0071986
  0.00733688
  -0.0210968
   0.0200679
  0.00267261
   -0.016343
   0.0177712
 -0.00560438
   0.0281298
    0.013248
  0.00464442
  -0.0417814
    -1.69669
    -1.11328
     1.30145
     1.16169
    0.874051
    0.770509
    0.487632
    0.346045
    0.019936
   0.0365045
   -0.970606
     -1.1899
 -0.00343902
 -0.00663501
  -0.0023215
  -0.0279942
   0.0119536
 0.000892055
 -0.00978685
 0.000338487
 0.000122149
  -0.0219722
 -0.00678435
   0.0148295
    0.426317
    -0.20798
    -0.65313
   -0.355034
   -0.292287
   -0.242309
    0.126097
    0.848477
     1.77921
     1.49317
    -4.36654
     1.40791
     0.45159
     -1.2678
   -0.690421
   -0.437869
  -0.0160039
   0.0628578
    0.465343
    0.660671
     1.06181
    -3.55523
     1.79867
     1.46877
    0.023363
 -0.00435989
  -0.0106138
   0.0159516
   0.0238327
  -0.0163822
  -0.0181729
   0.0036814
  0.00338682
  -0.0192797
   0.0143758
  0.00206072
   -0.331345
   -0.284683
    0.170506
    0.241278
    0.774624
    0.999882
   -0.905228
   -0.661344
   -0.149223
  -0.0616856
    0.134731
    0.084376
   0.0368427
 -0.00298434
  0.00902553
   0.0216954
   0.0168427
 -0.00482559
  -0.0233013
 -0.00587822
-0.000840699
  -0.0110959
  -0.0166667
  -0.0169674
 -0.00882022
  -0.0185971
  -0.0116503
 -0.00303954
  0.00424521
  0.00829116
   0.0235724
  0.00789267
  -0.0056585
  0.00455556
 0.000696409
   0.0030834
     3.58818
    -2.04716
    -0.17057
   -0.183662
   -0.301793
   -0.296756
   -0.341053
   -0.396615
   -0.482347
   -0.505133
   -0.125149
      1.2544
  0.00555076
  -0.0371095
  -0.0184278
   0.0113114
   0.0140817
 -0.00545265
  0.00508606
  0.00509756
   0.0184721
  0.00260122
  0.00539134
  -0.0113235
     0.20662
    0.264528
   -0.100268
   -0.227126
   -0.260093
   -0.227438
  -0.0768559
    0.343201
     1.36156
    0.483814
    0.840753
    -2.62836
 -0.00834799
  0.00550731
   0.0307388
 -0.00492439
   0.0105627
 -0.00760539
 -0.00622254
  0.00106888
 -0.00882042
  -0.0138351
 -0.00827843
 -0.00260456
   -0.315277
   -0.301788
    -0.82622
   -0.519608
   -0.501848
     2.33964
   -0.063351
    0.191615
   -0.145392
  -0.0194502
    0.106086
   0.0462773
    0.432808
    -0.79883
   -0.401204
   -0.267848
   0.0981985
    0.202641
    0.485664
    0.581209
    0.897826
     0.59345
    -5.69276
     3.87686
   0.0175525
 -0.00267916
 -0.00513186
-0.000373872
 -0.00441442
 -0.00856118
  -0.0170108
   0.0108548
  0.00622185
  0.00170212
  0.00746289
  0.00212072
   0.0853685
   0.0558949
     0.16161
    0.143485
   -0.255858
  -0.0336977
    0.960907
    -2.92026
    0.447538
    0.372328
    0.462578
    0.509201
-0.000465962
  0.00655521
  -0.0211835
 -0.00897848
 -0.00472721
 -0.00704024
 -0.00245089
-0.000446975
 -0.00377972
  0.00322679
  0.00282955
-0.000767263
  -0.0151787
 -0.00535681
 0.000921781
   0.0116406
  -0.0185353
  -0.0030051
 -0.00284369
  0.00414152
   -0.011606
   0.0195743
  -0.0106106
   0.0282986
   -0.640098
   -0.753746
    -1.42353
    -1.00421
     3.47269
   -0.222232
    0.118283
    0.225985
  -0.0199461
   0.0716632
    0.144265
  0.00741748
     3.15102
    -2.28353
    -1.50975
   -0.936958
   -0.392446
   -0.234544
    0.219464
    0.357081
    0.705584
     1.04718
    0.937513
    -1.04879
    0.029179
  -0.0214086
  -0.0194717
 -0.00300372
   0.0245306
  -0.0187035
  -0.0278477
   0.0149908
   0.0259042
  -0.0163881
   0.0325578
   0.0235079
    0.556406
    0.462731
   0.0323945
    0.559235
    -2.50095
     1.00963
   -0.214219
    0.117519
  -0.0364663
   -0.011139
  -0.0067664
   0.0166419
  0.00630314
  0.00716183
  0.00863747
  0.00628064
  -0.0151234
   0.0202815
  0.00387818
 -0.00262509
  -0.0047764
 -0.00479936
  -0.0252965
   -0.018263
   0.0220908
   0.0123874
 -0.00790372
 -0.00176355
  0.00149797
 0.000425637
   0.0057851
  0.00384186
   0.0141217
  -0.0114298
 0.000731818
   -0.025554
    0.147437
    0.186995
    0.249089
    0.148224
     0.25956
    0.327961
    -0.15069
     -1.1964
    -1.32468
     3.10779
   -0.840308
   -0.910319
    -1.59376
    -1.60968
     3.48238
    -0.90106
   -0.657197
  -0.0501421
    0.489557
    0.642045
    0.309459
  -0.0872304
    0.116793
   -0.121839
    0.012021
  -0.0201887
  0.00792056
   0.0381666
   0.0160414
  -0.0308201
  -0.0165821
  0.00302561
   0.0310432
  0.00729255
   0.0071497
  -0.0112775
  0.00139399
   0.0112234
 -0.00203744
   -0.016273
  0.00864443
   0.0283755
  0.00312141
 -0.00436136
 0.000694329
  -0.0213671
  -0.0140295
   0.0117312
    -4.12647
     1.82664
      2.1256
    0.688405
   0.0625252
  -0.0929645
   -0.146136
  -0.0320063
    -0.14924
  -0.0713999
  -0.0934838
   0.0446369
    -1.23866
   -0.816723
   -0.228047
    0.105091
    0.550563
     0.68041
     1.00871
     1.03284
     1.17377
     1.23643
   -0.458761
    -3.02554
 0.000150122
  -0.0393855
  -0.0344085
  -0.0148409
   0.0244646
 -0.00971258
  -0.0173119
   0.0189479
   0.0347685
 -0.00416485
   0.0335742
   0.0245831
   0.0104976
  0.00903499
  -0.0039765
  0.00901518
  0.00729512
  0.00501219
  0.00231555
-3.53884e-06
  -0.0137969
 -0.00571431
  -0.0108907
 -0.00187297
   -0.202794
   -0.309313
 -0.00826883
   0.0418811
    0.165485
    0.219715
    0.459577
    -2.02848
     1.78658
   -0.544326
   0.0878065
    0.325715
    0.255014
   -0.233087
   -0.190644
     -0.2547
   0.0511482
     0.11777
    0.625603
    0.861856
    -3.70237
    0.693356
    0.792126
    0.968334
-7.76136e-05
  0.00285273
   0.0115517
 -0.00362871
-4.10408e-05
 -0.00522188
 -0.00663069
  0.00952971
 -0.00658344
  0.00707165
  -0.0170272
  -0.0122286
    -2.12714
     3.72781
    -1.37309
   -0.686024
   -0.260084
  -0.0114212
    0.461188
      0.5752
    0.469314
   -0.407108
   0.0224671
   -0.364066
    0.048741
   -0.037083
  -0.0129252
   0.0163918
   0.0180208
  -0.0260914
  -0.0288728
    0.014795
   0.0347217
  -0.0059658
   0.0320825
  -0.0152748
 -0.00531034
 -0.00869315
  0.00561187
  -0.0184473
 -0.00433928
   0.0114506
  -0.0166695
-0.000873419
  -0.0262826
  -0.0135206
 -0.00456165
   0.0437322
     1.25898
   -0.492127
    -0.74767
   -0.601025
   -0.296037
   -0.170233
    0.101116
    0.370309
    0.655931
    0.829402
     1.67308
    -2.61423
 -0.00892394
   0.0104908
  0.00485576
 -0.00955267
 -0.00347974
 -0.00719015
 0.000761282
   0.0136298
 -0.00986786
  0.00161656
 0.000433591
   -0.024191
   -0.824391
     4.25465
     -2.7024
   -0.550804
   -0.239457
   -0.140008
  -0.0142694
   -0.175348
   0.0864977
   -0.121646
   0.0530243
    0.371511
  0.00238976
  -0.0104539
  -0.0271443
   0.0032155
 -0.00455284
 -0.00469816
   0.0085388
 -0.00861241
-0.000906632
   0.0165355
   0.0106383
   0.0198223
  -0.0552532
   -0.082137
    0.239206
     0.18468
      0.2924
    0.383298
   -0.987767
 -0.00913443
    0.848855
   -0.516878
   -0.229035
  -0.0853677
 -0.00582138
   0.0095712
   0.0217904
   0.0231094
 -0.00338595
 -0.00192673
 -0.00693316
   -0.011395
   0.0124204
  -0.0236181
 -0.00280303
  -0.0115039
    0.581351
      1.0981
      2.3519
    -3.90265
    0.392067
    0.150823
  -0.0651787
   -0.114521
  -0.0735271
   -0.166159
   -0.267995
   0.0384585
