  -0.773552
   0.018143
  0.0508369
  0.0796673
  0.0455466
  0.0497435
  0.0189247
   0.118411
  0.0331657
  0.0065266
   0.123325
   0.161176
 0.00336431
  -0.015513
-0.00976278
 0.00403024
 0.00267295
 0.00430922
-0.00850423
 -0.0261146
 -0.0115647
 0.00825915
 -0.0345315
 0.00624322
 0.00597883
  0.0136903
-0.00695767
  0.0046672
  0.0059795
 0.00840533
  0.0050597
 0.00235936
 0.00603608
 0.00970056
  0.0132787
  0.0113756
  0.0133101
 0.00483042
 0.00749988
 0.00854633
-0.00133854
  0.0186413
 0.00158606
-0.00218497
 0.00328867
 0.00573196
 0.00924876
  0.0569612
  -0.127163
  -0.102707
 -0.0634361
 -0.0913779
  -0.111349
    0.91069
  -0.096627
 -0.0976681
 -0.0787605
 -0.0927927
 -0.0633032
 -0.0234466
   0.376156
   0.427944
  -0.713225
 -0.0929563
  -0.130986
  -0.153731
  -0.108601
 -0.0719367
 -0.0150771
  0.0539617
   0.177336
   0.279818
   0.137741
   0.136341
   0.189772
   0.140016
   0.117819
   0.121693
  0.0157007
  -0.186782
  -0.182282
  -0.244547
    -0.1497
 -0.0872103
  -0.130557
-0.00259882
 -0.0890474
 -0.0564447
   0.224599
  -0.135469
  -0.285509
    2.40801
  -0.364024
  -0.438611
  -0.547766
  -0.561589
  -0.412224
  0.0781773
   -0.01174
   0.015817
 -0.0628581
 -0.0782193
  -0.217705
     2.6268
   -0.79181
  -0.584155
  -0.335651
  -0.282135
-0.00421625
 -0.0114079
 0.00464544
   0.030074
4.65318e-05
  -0.019527
 -0.0775826
 -0.0685959
   0.022005
  0.0155164
  0.0383058
  0.0387246
  -0.381048
  -0.239245
  -0.273252
   -0.25368
  -0.189031
  -0.137693
 -0.0602329
   0.216119
   0.207111
   0.417275
   0.375119
   0.297763
   0.226222
  -0.301133
  -0.639142
  -0.430292
  -0.331924
 -0.0240593
   0.507914
   0.909144
    1.26532
    1.28006
   -4.69022
    2.16081
  -0.595981
  -0.471205
    2.22111
   -1.13359
   -0.18457
  -0.344305
 -0.0707642
   0.152343
   0.163716
    0.10483
  0.0894886
  0.0430861
  -0.146008
  -0.172482
  -0.156448
  -0.147305
  -0.160936
  0.0445544
  0.0549449
  0.0985938
   0.133854
   0.124581
   0.138466
   0.135073
   0.536519
   -5.18567
     3.3736
    1.03259
    0.67011
   0.426155
   0.091256
-0.00485842
 -0.0315451
 -0.0159184
  -0.322161
  -0.567921
   0.320818
   0.265741
   0.208118
   0.203769
   0.151168
 -0.0421874
 -0.0667363
  -0.151973
  -0.156903
   -0.20324
  -0.229541
  -0.298394
    0.11935
   0.156158
   0.209679
   0.031407
   0.013586
  0.0510353
 -0.0783887
  -0.112991
  -0.133731
  -0.164054
 -0.0815624
 -0.0594396
     3.2253
   -4.70207
   0.342201
   0.202599
   0.255182
  -0.136869
  -0.150578
  -0.128329
  0.0629687
   0.107144
   0.408008
   0.528459
  -0.207183
  -0.194707
  -0.247617
  -0.230449
  -0.229547
  -0.159529
 -0.0766053
   0.157453
   0.200726
   0.440327
   0.268757
   0.262083
  -0.113071
  -0.261606
  -0.352438
  -0.368808
  -0.416318
   -0.16443
   0.406167
   0.796644
    1.31014
   -3.49806
     1.4668
    1.18039
   0.284778
   0.199975
  0.0946556
  0.0986625
  0.0773309
   0.105621
 -0.0422993
   -0.10619
 -0.0639417
  -0.140502
  -0.193944
  -0.297561
   -1.28289
   -1.57166
    1.65585
    1.19338
   0.786651
   0.691692
   0.347884
   0.212269
 -0.0617987
  -0.217873
  -0.716923
   -1.02623
  -0.982569
  -0.101599
  -0.137443
  -0.126371
  -0.133793
  -0.146863
  -0.155605
 -0.0881208
    1.67649
   -2.58345
     1.5635
    1.19956
 0.00856327
 0.00386386
 -0.0125114
-0.00729753
 -0.0164301
 -0.0113365
 -0.0169058
 -0.0129016
  0.0264488
 0.00499022
-0.00341919
-0.00211315
  0.0842903
  0.0573427
   0.090837
   0.033519
 0.00918419
  0.0375551
  0.0103356
 -0.0272905
 -0.0810593
  -0.103899
  -0.077904
 -0.0636417
    1.64236
   0.202846
 -0.0216676
 -0.0734054
    -1.1743
   0.187219
  -0.117737
  -0.144758
  -0.163085
  -0.152157
 -0.0730479
 -0.0979405
  -0.550764
  -0.623449
   -1.14871
  -0.807265
    3.56485
  -0.145974
  -0.200524
   0.112553
  0.0888653
  0.0501484
 -0.0924714
  -0.272506
 -0.0682998
 -0.0747123
 -0.0472574
 -0.0508751
   -0.20135
  0.0108212
  0.0120334
  0.0727619
  0.0611206
  0.0310527
   0.101521
   0.113054
   0.410698
   0.252177
   0.340457
   0.287433
   0.229235
   0.158309
   0.088555
  -0.204692
  -0.193651
  -0.428244
  -0.381074
  -0.544207
  -0.298971
    0.33119
    0.95347
   0.648985
   0.326196
  0.0291815
  -0.583056
   -0.93535
   -1.36847
   -1.52535
   -1.75815
    4.18134
   0.250593
   0.171395
   0.341789
  0.0796513
  0.0539743
  0.0593545
 -0.0752024
  -0.129772
    -0.1783
  -0.232411
    -0.1621
   -0.18018
   -2.64492
    1.24954
   0.631792
   0.548264
  -0.128455
   0.274337
  0.0282483
  -0.048934
  0.0761375
  0.0898371
  -0.020497
 -0.0620485
   0.119702
   0.173782
   0.185803
   0.179717
   0.155503
   0.131298
  0.0426877
  -0.178601
  -0.278365
   -0.25816
  -0.160717
  -0.083822
  -0.101552
  0.0390191
  0.0383579
   0.140152
   0.177944
 -0.0933269
  -0.313723
   -1.27037
    3.78819
  -0.682581
  -0.889208
  -0.833398
  -0.761439
   0.525476
  0.0445165
 -0.0145427
 -0.0822201
  -0.126251
  -0.218586
  -0.181924
    0.58525
   0.797178
    1.33179
    -1.8824
   0.076971
  0.0668753
  0.0336753
  0.0247056
  0.0230724
 -0.0106087
 -0.0166045
 -0.0465806
 -0.0357161
 -0.0311697
 -0.0596453
 -0.0610285
    0.47113
  -0.110039
  0.0602473
 -0.0242459
   0.147817
  -0.191574
  -0.268881
  -0.514521
   -1.06463
   -1.43996
   -1.33684
     4.2022
   0.153499
   0.191845
    0.24729
    0.19087
   0.124207
  0.0760135
  0.0153224
  -0.116411
  -0.195169
  -0.159839
  -0.286762
  -0.286905
   0.193049
   0.257845
   0.379951
   0.289334
   0.812185
   -1.83641
   0.376022
  -0.127584
  -0.122472
 -0.0895576
 -0.0402999
 -0.0612488
  0.0689344
    0.05207
  0.0199574
  0.0364338
 -0.0407685
 0.00660357
 -0.0248501
 -0.0517075
  -0.043814
 -0.0210583
 -0.0136345
-0.00209291
  -0.154933
 -0.0457785
  -0.123959
  -0.123578
 -0.0904347
   0.057026
  0.0375024
  0.0405434
  0.0847528
   0.123367
  0.0926989
  0.0724107
  -0.742397
  -0.789845
  -0.637638
    2.78637
  -0.774538
 -0.0773465
   0.102517
    0.23124
  0.0490306
  0.0770537
 -0.0186886
  -0.189849
  -0.554029
  -0.922494
   -1.04261
    3.40255
  -0.671151
  -0.444117
  -0.105224
  0.0807528
   0.119716
  0.0753634
 0.00202428
  0.0165401
   -0.13572
   -0.13265
   -0.04393
   -0.16468
  -0.156406
  0.0361737
  0.0394122
  0.0983783
  0.0921355
   0.091481
   0.102977
   0.129521
   0.179583
   0.228119
   0.313422
   0.212843
    0.11705
  -0.312267
  -0.053978
  -0.100846
  -0.125958
  -0.177431
  -0.138295
  -0.145779
    1.11422
    1.11142
   -3.20603
    1.03135
   0.651902
   0.120531
  -0.134482
  -0.272133
  -0.243203
  -0.239075
 -0.0466576
   0.113609
  -0.778593
   0.283602
 -0.0619449
 -0.0966177
  -0.144478
 -0.0525592
 -0.0339517
   0.210966
    1.61593
     1.9249
   -4.55274
    1.74045
  -0.073888
 -0.0903895
  -0.123421
 -0.0839624
 -0.0556244
 -0.0459266
  0.0226281
  0.0312178
  0.0807678
  0.0931823
   0.140301
   0.119561
  -0.080575
 -0.0808287
  -0.089277
 -0.0765887
 -0.0741802
 -0.0781885
   0.104924
  0.0233592
  0.0829977
   0.123025
   0.038009
  0.0729513
   0.112359
  0.0706794
  0.0943706
  0.0575951
 -0.0722982
   0.387798
   -2.60008
   0.711677
   0.558417
   0.159321
   0.276379
   0.232783
    5.48446
   -3.35428
   -2.61695
  -0.902936
  -0.292252
 -0.0539144
   0.289111
   0.823653
   0.848835
  0.0303732
   0.259243
  -0.182119
  -0.416917
  -0.216197
  -0.278726
 -0.0827457
  -0.107387
  0.0745949
   0.117996
   0.206638
   0.290733
   0.279876
   0.194465
   0.256923
