   0.0593472
   0.0374024
   0.0137228
   0.0190712
  -0.0326708
  -0.0144807
    0.023124
  -0.0134323
   0.0332454
   0.0170594
  -0.0796746
   -0.133447
  0.00287107
  -0.0139563
  -0.0324983
 -0.00178779
  -0.0143364
  -0.0171235
  0.00504188
  0.00277864
  -0.0259593
 -0.00375381
  0.00212578
   0.0161843
  0.00180645
   0.0108072
   0.0129677
   0.0103943
   0.0112462
  0.00470933
 -0.00476801
   0.0118204
   0.0077704
  0.00769935
  0.00382017
-7.40717e-05
   0.0150701
  0.00661054
    0.010933
  0.00280565
    0.010231
 -0.00460041
  0.00514912
   0.0114621
  0.00840542
   0.0216218
  0.00757236
   0.0087999
    0.052379
   -0.249673
   -0.996151
     -1.1972
    0.494738
   0.0375609
     0.26722
    0.334844
    0.360879
    0.408632
    0.256679
    0.215921
   -0.768901
    -1.27549
    -1.65756
      3.6164
    0.173493
   0.0849796
   -0.199958
  -0.0176469
   0.0313731
   0.0649243
 -0.00433371
  -0.0645902
    0.930807
      1.9408
 -0.00420951
   -0.163561
   -0.116814
   -0.383999
   -0.569559
   -0.371978
   -0.309328
   -0.306244
   -0.257172
   -0.381563
    -4.49555
     2.20024
     1.72312
    0.442956
    0.173563
   0.0086479
   -0.023583
 -0.00375271
    0.151363
    0.140308
   -0.139116
   -0.159922
   -0.121687
   -0.288857
   -0.320035
   -0.252376
   -0.319071
   -0.398137
   -0.576325
   -0.301425
    0.167741
    0.741322
    0.701468
    0.946063
   0.0904123
   -0.123367
   -0.136205
   -0.174086
   -0.152006
   -0.223407
   -0.239253
   0.0589126
    0.832576
     2.64879
    -4.55173
     1.96276
   -0.350636
   -0.243722
   -0.454212
   -0.366458
   -0.365843
   -0.378206
    -0.15877
    0.542471
     0.69499
    0.980213
  -0.0277725
   0.0997386
 0.000633785
   0.0413355
   -0.134763
  0.00941185
 -0.00398688
    0.176566
    0.270804
    0.994987
    -4.28266
     2.07136
    0.554778
    0.288776
    0.177232
     1.01713
    -1.12615
   -0.129206
  -0.0312333
   0.0489462
   0.0504389
  0.00546329
   0.0433825
   0.0237726
  -0.0424942
  -0.0487028
   -0.428932
     3.41152
    -3.31218
   0.0951535
    0.124773
    0.110957
   0.0795253
   0.0177015
   0.0245239
 -0.00111806
  -0.0659621
  -0.0774275
    0.501742
     4.31646
    -1.48724
   -0.647186
    -0.32159
   -0.368342
   -0.427566
   -0.276824
   -0.211593
    -0.33744
    -0.37531
   -0.356772
     1.18894
    -3.43955
   -0.958231
    0.426085
     0.55025
    0.486986
     0.23479
    0.376542
    0.390536
    0.250828
    0.231322
    0.257605
   -0.146929
   -0.095753
   -0.192755
   -0.239649
     -0.1876
  -0.0467915
  -0.0723784
    0.349015
     1.06504
     1.99337
    -4.74583
     2.26742
    -0.54808
   -0.445775
    -0.61219
   -0.821327
   -0.698657
   -0.527886
   -0.589051
   -0.309989
    0.165687
     1.44341
     1.47582
     1.40026
    0.056924
   0.0507767
  -0.0777824
   -0.215043
    -0.44703
  -0.0909544
    -1.17725
    0.601853
    0.373676
    0.362187
    0.278393
     0.26784
  -0.0254336
  -0.0664983
    -0.23634
   -0.353273
   -0.567151
     2.47308
    -2.68731
    0.643065
    0.340574
    0.212849
    0.139549
    0.113927
   -0.126023
  -0.0639673
    0.310261
    0.557647
   0.0439582
   -0.578751
    0.114018
   -0.014275
  -0.0908586
  -0.0957114
  -0.0416776
  -0.0218772
   0.0988396
    0.159022
    0.302034
    -1.90522
   -0.195768
     1.34993
    0.327669
-0.000702296
  -0.0474691
  -0.0704579
  -0.0236051
 -0.00179677
    0.109111
     0.12625
   0.0166101
  -0.0379144
   0.0750624
    0.305412
    0.359147
     1.06521
    0.570338
    -4.73345
    0.948545
     1.18337
    -0.31474
   -0.322226
   -0.481418
   -0.573375
    -0.45235
   -0.309384
   -0.282216
   -0.314557
   -0.325058
     2.27764
    0.623278
     0.43577
   0.0733693
    0.254618
    0.358502
    0.338982
    0.400023
    0.503313
    0.619602
    0.278163
   -0.176538
    -0.93015
   -0.685384
     -1.0305
   -0.110363
      0.1043
    0.185103
    0.232873
    0.196384
      0.2413
    0.307476
  -0.0775033
   -0.958921
    -2.39527
    -1.68736
     3.94508
    0.404851
    0.790103
     2.76028
    -4.80256
    0.443645
    0.173987
    0.366409
  -0.0253134
   -0.109926
  -0.0657117
  -0.0245445
    0.068515
   0.0269927
     0.32981
    0.900787
   0.0680144
   -0.623525
    0.426517
    0.265127
   -0.228376
   -0.319943
   -0.311887
   -0.311147
     -0.2106
   -0.139738
   -0.308304
   -0.330971
   -0.831749
    -1.16073
     3.82789
    -1.18973
    0.333175
   0.0697948
   0.0202323
  -0.0806515
   -0.197696
    0.501538
    0.402887
    0.378151
   -0.244123
   -0.388071
    -1.47266
    -1.20225
    0.791094
    0.399136
    0.385202
    0.290814
    0.166437
  -0.0292676
   0.0189078
    0.277285
    0.206268
   0.0807216
   -0.174749
   -0.635423
    -1.57923
     4.05535
    -1.61835
    -0.38026
   -0.213306
    0.246891
    0.236967
    0.560734
    0.490539
    0.349929
    0.190517
    0.196803
   -0.402093
   -0.486639
    -1.02495
   -0.203683
   -0.156633
   0.0413496
    0.141431
  -0.0270805
   -0.395946
   -0.953564
    -1.69937
     1.97011
     1.07486
     0.48012
   -0.055328
   -0.256298
   -0.342244
    0.470009
    0.554062
    0.353198
   0.0546377
   -0.513404
   -0.844393
     -2.4897
     1.32306
    0.707872
    0.344936
   0.0524906
  -0.0102648
   0.0808097
    0.678559
    0.931995
     1.30478
    -4.21087
    0.832728
    0.740434
   -0.178851
   -0.115093
   -0.151838
  -0.0373297
   0.0699213
   -0.356886
   0.0103573
   -0.030918
    0.926539
    0.756801
    0.589179
    0.590312
   -0.559539
   -0.519456
   -0.594149
   -0.481334
   -0.356668
    -1.16629
     -1.5641
     4.30385
    0.724629
  -0.0684146
   -0.353266
   -0.425859
   -0.390765
   -0.198839
   -0.273533
   -0.284689
   -0.297704
   -0.198559
   -0.608086
    -3.56943
     1.09227
    0.709689
    0.469829
    0.227651
    0.317461
    0.432926
    0.410436
    0.365847
    0.351568
    0.364408
    0.323983
   0.0851043
   -0.225193
   -0.483989
   -0.573498
     -1.4137
    0.764844
    0.493918
    0.381016
    0.170273
    0.102583
    0.177329
      0.1025
   -0.311305
   -0.612677
   -0.888847
   -0.576195
     1.85658
    0.667387
    0.232823
     -0.1253
   -0.238295
   -0.307593
  -0.0801488
  -0.0347012
   -0.569418
   -0.394431
  -0.0783231
     0.28503
    0.590222
   -0.177021
    0.275124
    0.489808
  -0.0746653
   -0.233406
   0.0793469
   0.0888351
   -0.364835
   -0.152881
    0.128847
    0.533242
    0.589304
    -2.59606
    0.565354
     0.89622
    0.194825
   0.0310294
    -5.29434
     3.47389
    0.828418
    0.484811
    0.432538
    0.128349
  -0.0671712
  -0.0806126
  -0.0961591
   0.0970781
   0.0731916
   0.0156407
     1.27906
     1.12667
    0.556027
  -0.0686471
   -0.246527
   -0.469966
   -0.272109
   -0.427165
   -0.255015
   -0.224414
   -0.462156
   -0.528616
    0.284123
    0.346339
   -0.187382
 -0.00777079
    0.414092
    0.866341
     1.61408
    -4.88555
    0.232113
    0.320073
    0.436455
    0.518821
    -0.16109
  -0.0762487
   -0.617341
   -0.566208
   -0.365999
   0.0533115
   -0.155709
     1.70105
   -0.166344
    0.343799
    0.021338
  -0.0534255
   -0.109355
   -0.141064
    0.014982
    0.114687
   0.0573507
   -0.044159
  -0.0447494
   -0.349219
    -1.28103
    -1.72369
    -1.78759
     5.35138
    0.490893
    0.492616
    0.715462
    0.916372
    0.785051
    0.576016
    0.691344
    0.313089
   0.0944176
    -1.38529
    -1.06433
    -2.53932
    0.121772
    0.860055
    -1.26456
   -0.344764
    0.443011
    0.127731
  -0.0376059
    0.377297
  -0.0148847
     -0.2979
  -0.0545655
   0.0731029
     0.30711
     1.07729
    -1.46945
   -0.101967
    0.422147
    0.150169
  -0.0963329
    0.266189
   -0.100442
   -0.408115
   -0.117291
   0.0374755
    0.188779
    -0.11066
    -0.16733
    -1.23467
   -0.714953
   -0.138826
  -0.0584532
    0.411838
    0.486964
     0.56497
    0.402555
    0.347579
    -0.22737
   -0.477494
   -0.449118
    -2.19371
     4.07927
    -1.20393
   -0.769718
    0.308504
     0.20334
    0.319649
    0.240119
    0.171423
