0   -0.577559
1   -0.552935
2   -0.608274
3   -0.58046
4   -0.580005
5   -0.630506
6   -0.646841
7   -0.641533
8   -0.639749
9   -0.705682
10   -0.688255
11   -0.693595
12   -0.72241
13   -0.729538
14   -0.724064
15   -0.745188
16   -0.773959
17   -0.766046
18   -0.774552
19   -0.779297
20   -0.790444
21   -0.811134
22   -0.818191
23   -0.810745
24   -0.804436
25   -0.837686
26   -0.845043
27   -0.843235
28   -0.841532
29   -0.855496
30   -0.854048
31   -0.869922
32   -0.857475
33   -0.875647
34   -0.865411
35   -0.891093
36   -0.887012
37   -0.881106
38   -0.897406
39   -0.904182
40   -0.89571
41   -0.898885
42   -0.919088
43   -0.917355
44   -0.906096
45   -0.920435
46   -0.924412
47   -0.920853
48   -0.920989
49   -0.93618
50   -0.939532
51   -0.929128
52   -0.9308
53   -0.936294
54   -0.93783
55   -0.938181
56   -0.944061
57   -0.937559
58   -0.948864
59   -0.956359
60   -0.948089
61   -0.940817
62   -0.947637
63   -0.9517
64   -0.953121
65   -0.954717
66   -0.963974
67   -0.960516
68   -0.951531
69   -0.960383
70   -0.957993
71   -0.946142
72   -0.960192
73   -0.959045
74   -0.966499
75   -0.962689
76   -0.966503
77   -0.970412
78   -0.961224
79   -0.965072
80   -0.963196
81   -0.968949
82   -0.968786
83   -0.975838
84   -0.9706
85   -0.972486
86   -0.972553
87   -0.974692
88   -0.961615
89   -0.974027
90   -0.973694
91   -0.974339
92   -0.974454
93   -0.971269
94   -0.977304
95   -0.976844
96   -0.967179
97   -0.973505
98   -0.968613
99   -0.969583
100   -0.976499
101   -0.977703
102   -0.977284
103   -0.97538
104   -0.97586
105   -0.979091
106   -0.977258
107   -0.978478
108   -0.978744
109   -0.979724
110   -0.980219
111   -0.982423
112   -0.980951
113   -0.974204
114   -0.981884
115   -0.967405
116   -0.983087
117   -0.983347
118   -0.984195
119   -0.982408
120   -0.981671
121   -0.985801
122   -0.983328
123   -0.973735
124   -0.984781
125   -0.983823
126   -0.984836
127   -0.984355
128   -0.980067
129   -0.984361
130   -0.984289
131   -0.986275
132   -0.983788
133   -0.983048
134   -0.98563
135   -0.986774
136   -0.982969
137   -0.985546
138   -0.986163
139   -0.985062
140   -0.987685
141   -0.985822
142   -0.986124
143   -0.986407
144   -0.985876
145   -0.978169
146   -0.985319
147   -0.986834
148   -0.988284
149   -0.988424
150   -0.989238
151   -0.980217
152   -0.989404
153   -0.99034
154   -0.985697
155   -0.98718
156   -0.988308
157   -0.988383
158   -0.98924
159   -0.981688
160   -0.987735
161   -0.988287
162   -0.989178
163   -0.989059
164   -0.988195
165   -0.991509
166   -0.990086
167   -0.988924
168   -0.987862
169   -0.980895
170   -0.98931
171   -0.989619
172   -0.989793
173   -0.991697
174   -0.992965
175   -0.990788
176   -0.991445
177   -0.97474
178   -0.992635
179   -0.993167
180   -0.990151
181   -0.991705
182   -0.993607
183   -0.987846
184   -0.992447
185   -0.991774
186   -0.992338
187   -0.990348
188   -0.993523
189   -0.990942
190   -0.993051
191   -0.992663
192   -0.992594
193   -0.992912
194   -0.992524
195   -0.993082
196   -0.992067
197   -0.994401
198   -0.994556
199   -0.994027
200   -0.993332
201   -0.992649
202   -0.990762
203   -0.987885
204   -0.993303
205   -0.99396
206   -0.99535
207   -0.994577
208   -0.991692
209   -0.994006
210   -0.992982
211   -0.995704
212   -0.994219
213   -0.995606
214   -0.994306
215   -0.993267
216   -0.994999
217   -0.993374
218   -0.992041
219   -0.996052
220   -0.993074
221   -0.993804
222   -0.993993
223   -0.995182
224   -0.994686
225   -0.994156
226   -0.995608
227   -0.995049
228   -0.995565
229   -0.994855
230   -0.996265
231   -0.994806
232   -0.996645
233   -0.995479
234   -0.995164
235   -0.995487
236   -0.993268
237   -0.995349
238   -0.995404
239   -0.995533
240   -0.995748
241   -0.995035
242   -0.996676
243   -0.996464
244   -0.99349
245   -0.99601
246   -0.996057
247   -0.996759
248   -0.997027
249   -0.993176
250   -0.996233
251   -0.995216
252   -0.99686
253   -0.995401
254   -0.996464
255   -0.997223
256   -0.997057
257   -0.996217
258   -0.996163
259   -0.996553
260   -0.9962
261   -0.996569
262   -0.997979
263   -0.996979
264   -0.9962
265   -0.997045
266   -0.995527
267   -0.996466
268   -0.99779
269   -0.996989
270   -0.998201
271   -0.997216
272   -0.996806
273   -0.996474
274   -0.997902
275   -0.997543
276   -0.986744
277   -0.997469
278   -0.99721
279   -0.997966
280   -0.997286
281   -0.997981
282   -0.997068
283   -0.996441
284   -0.996847
285   -0.99861
286   -0.997359
287   -0.997817
288   -0.997152
289   -0.996482
290   -0.996986
291   -0.99764
292   -0.998137
293   -0.998089
294   -0.998404
295   -0.986819
296   -0.997669
297   -0.995165
298   -0.997885
299   -0.998272
300   -0.997967
301   -0.998227
302   -0.997662
303   -0.998425
304   -0.998309
305   -0.99844
306   -0.998268
307   -0.998785
308   -0.998963
309   -0.998501
310   -0.997264
311   -0.998037
312   -0.997645
313   -0.998313
314   -0.997614
315   -0.998729
316   -0.997431
317   -0.997983
318   -0.998323
319   -0.998013
320   -0.998279
321   -0.996362
322   -0.99828
323   -0.997905
324   -0.998919
325   -0.998744
326   -0.998828
327   -0.998159
328   -0.998074
329   -0.998647
330   -0.997919
331   -0.998689
332   -0.998557
333   -0.998946
334   -0.999225
335   -0.998836
336   -0.998162
337   -0.998526
338   -0.998361
339   -0.999297
340   -0.998524
341   -0.99907
342   -0.998686
343   -0.998394
344   -0.999075
345   -0.998394
346   -0.99901
347   -0.997817
348   -0.998605
349   -0.999026
350   -0.998846
351   -0.998462
352   -0.998221
353   -0.998862
354   -0.998714
355   -0.998823
356   -0.998368
357   -0.99927
358   -0.997478
359   -0.999265
360   -0.998204
361   -0.998729
362   -0.998212
363   -0.999198
364   -0.999535
365   -0.999009
366   -0.998765
367   -0.999692
368   -0.999159
369   -0.998471
370   -0.999428
371   -0.998585
372   -0.998735
373   -0.997778
374   -0.999456
375   -0.998806
376   -0.999448
377   -0.998712
378   -0.999153
379   -0.999208
380   -0.999422
381   -0.999017
382   -0.999427
383   -0.998664
384   -0.998837
385   -0.998444
386   -0.999007
387   -0.999324
388   -0.999173
389   -0.998771
390   -0.999401
391   -0.998555
392   -0.998905
393   -0.998948
394   -0.999513
395   -0.99832
396   -0.999303
397   -0.998621
398   -0.999068
399   -0.998802
400   -0.998114
401   -0.998932
402   -0.999238
403   -0.998343
404   -0.999188
405   -0.999599
406   -0.998341
407   -0.999299
408   -0.998625
409   -0.999585
410   -0.999182
411   -0.998853
412   -0.998904
413   -0.999
414   -0.999724
415   -0.99908
416   -0.999627
417   -0.999159
418   -0.998724
419   -0.999625
420   -0.999812
421   -0.999649
422   -0.999054
423   -0.999341
424   -0.999571
425   -0.999539
426   -0.999256
427   -0.999575
428   -0.999085
429   -0.993731
430   -0.999888
431   -0.99959
432   -0.998884
433   -0.999318
434   -0.998631
435   -1.00006
436   -0.999398
437   -0.999647
438   -0.999183
439   -0.998913
440   -0.999239
441   -0.999369
442   -0.998999
443   -0.999364
444   -0.999269
445   -0.999464
446   -0.999258
447   -0.999159
448   -0.999097
449   -0.999685
450   -0.999314
451   -0.999509
452   -0.998634
453   -0.999606
454   -0.999251
455   -0.998921
456   -0.998833
457   -0.999818
458   -0.999654
459   -0.998928
460   -0.998972
461   -0.99997
462   -0.999536
463   -0.999582
464   -0.999445
465   -0.999556
466   -0.999244
467   -0.999631
468   -0.999424
469   -0.999618
470   -0.999964
471   -0.999919
472   -0.998918
473   -0.999963
474   -0.99893
475   -0.999452
476   -0.998661
477   -0.999134
478   -0.99949
479   -0.999744
480   -0.99972
481   -0.99963
482   -0.999391
483   -0.999642
484   -1.00005
485   -0.99991
486   -0.999685
487   -0.999307
488   -0.99993
489   -0.999733
490   -0.999775
491   -0.999358
492   -0.999356
493   -0.999447
494   -0.999151
495   -0.99986
496   -0.999839
497   -0.999815
498   -0.999655
499   -0.999144
500   -0.999888
501   -0.999361
502   -0.999644
503   -1.00004
504   -0.999127
505   -0.999703
506   -0.999692
507   -0.993073
508   -0.999758
509   -1.00001
510   -0.998958
511   -0.99964
512   -0.999489
513   -0.99938
514   -0.99977
515   -0.998307
516   -0.999942
517   -0.999068
518   -0.999977
519   -0.999383
520   -0.99973
521   -0.999901
522   -0.999998
523   -1
524   -0.999483
525   -0.999811
526   -0.999936
527   -0.998138
528   -0.998536
529   -0.999777
530   -0.999684
531   -0.99976
532   -0.999807
533   -0.999865
534   -0.999674
535   -1.00008
536   -0.998167
537   -0.99553
538   -0.999474
539   -0.999585
540   -0.999765
541   -0.999499
542   -0.999226
543   -0.998759
544   -0.999343
545   -0.999471
546   -0.99968
547   -0.999234
548   -0.99947
549   -0.999871
550   -0.999866
551   -0.999692
552   -0.998593
553   -0.999738
554   -0.998195
555   -0.999888
556   -0.999638
557   -0.999965
558   -0.999808
559   -0.999681
560   -0.999503
561   -0.999518
562   -0.999992
563   -1.00004
564   -1.00002
565   -0.999817
566   -0.999848
567   -0.999692
568   -0.999898
569   -0.999505
570   -0.999521
571   -0.999395
572   -0.999267
573   -0.998768
574   -0.999751
575   -0.999861
576   -0.999988
577   -0.999535
578   -0.999939
579   -0.999691
580   -1.00002
581   -0.999989
582   -0.999505
583   -0.999921
584   -0.999633
585   -0.999972
586   -0.999815
587   -0.999691
588   -0.999543
589   -1.00008
590   -0.999965
591   -0.999965
592   -0.99967
593   -0.999736
594   -0.999956
595   -0.999701
596   -1.00001
597   -0.999688
598   -0.999989
599   -0.998619
600   -0.999777
601   -0.999728
602   -0.999564
603   -0.999972
604   -0.998695
605   -0.999984
606   -0.999972
607   -0.999996
608   -1.00006
609   -0.999937
610   -0.999938
611   -0.999963
612   -0.999945
613   -0.999496
614   -0.999616
615   -0.999759
616   -0.999662
617   -0.999704
618   -0.999939
619   -0.999768
620   -0.999436
621   -0.999524
622   -0.999921
623   -0.999044
624   -0.999963
625   -1.00004
626   -0.999944
627   -0.999941
628   -0.999768
629   -0.999389
630   -0.999515
631   -0.99995
632   -0.999662
633   -0.999835
634   -0.999597
635   -0.999472
636   -0.998909
637   -0.999922
638   -1.00001
639   -1.00001
640   -0.999676
641   -0.999676
642   -0.999668
643   -0.99977
644   -0.999849
645   -0.999785
646   -0.999804
647   -0.99953
648   -0.999293
649   -0.998837
650   -0.999701
651   -0.999943
652   -0.999376
653   -1.00004
654   -0.999686
655   -0.99955
656   -0.999751
657   -0.999518
658   -0.999359
659   -0.999594
660   -0.999464
661   -0.999602
662   -0.999571
663   -0.999997
664   -0.999619
665   -0.99997
666   -0.99996
667   -0.999652
668   -0.999739
669   -1.00007
670   -0.999968
671   -0.99993
672   -0.999765
673   -1.00002
674   -0.99968
675   -0.999748
676   -0.999985
677   -0.99996
678   -0.99995
679   -0.99998
680   -0.999992
681   -0.99958
682   -0.999707
683   -0.99974
684   -1.00001
685   -0.999936
686   -0.999942
687   -1.00002
688   -0.999938
689   -0.999494
690   -0.99996
691   -0.999652
692   -0.999705
693   -0.999292
694   -0.999526
695   -0.999562
696   -0.999281
697   -0.999731
698   -0.9992
699   -0.999584
700   -0.998989
701   -1
702   -0.999961
703   -0.999931
704   -0.999967
705   -0.999963
706   -0.999988
707   -0.999979
708   -0.999969
709   -0.999977
710   -0.999765
711   -0.99996
712   -0.999195
713   -0.999911
714   -0.999779
715   -1
716   -1.00001
717   -0.999953
718   -0.999969
719   -0.999642
720   -0.999304
721   -0.999417
722   -0.999741
723   -1.00002
724   -0.999604
725   -1.00002
726   -0.99941
727   -0.999972
728   -0.998133
729   -0.999692
730   -0.999973
731   -0.999768
732   -0.999976
733   -1
734   -0.999763
735   -0.999414
736   -0.999744
737   -0.999707
738   -0.99869
739   -0.999722
740   -0.999966
741   -0.999998
742   -1.00001
743   -0.999968
744   -0.999434
745   -1
746   -0.999993
747   -0.998484
748   -0.999972
749   -0.999789
750   -1.00001
751   -1
752   -0.999679
753   -0.999996
754   -1.00001
755   -0.999755
756   -0.999962
757   -0.999698
758   -0.999725
759   -0.999973
760   -0.999447
761   -0.99967
762   -0.999971
763   -0.999998
764   -0.999291
765   -0.999972
766   -1.00002
767   -1.00001
768   -0.999985
769   -0.999582
770   -0.999745
771   -0.99963
772   -0.999985
773   -1
774   -0.999381
775   -0.99999
776   -0.99997
777   -0.999986
778   -1.00002
779   -0.999654
780   -0.99998
781   -0.999982
782   -0.999747
783   -0.999734
784   -0.999369
785   -0.999988
786   -0.999785
787   -0.999981
788   -0.999995
789   -0.999755
790   -0.999658
791   -1.00002
792   -0.999694
793   -1
794   -0.999765
795   -0.999986
796   -0.999715
797   -1
798   -0.999763
799   -0.998765
800   -0.999674
801   -0.999763
802   -0.998446
803   -0.999669
804   -0.999999
805   -0.99947
806   -0.999688
807   -1.00002
808   -0.999976
809   -0.99967
810   -0.999673
811   -1
812   -0.999688
813   -1.00001
814   -0.999989
815   -1.00002
816   -0.999587
817   -1.00001
818   -0.999039
819   -0.999765
820   -0.999996
821   -1.00002
822   -0.998225
823   -0.999992
824   -0.999972
825   -0.999989
826   -0.99972
827   -1.00002
828   -0.999702
829   -0.999969
830   -1
831   -0.999716
832   -0.999743
833   -0.99999
834   -0.999992
835   -0.99997
836   -0.999978
837   -0.999707
838   -0.999978
839   -1.00001
840   -0.999985
841   -0.999434
842   -0.999679
843   -0.999975
844   -0.999421
845   -0.999609
846   -0.999705
847   -0.999724
848   -0.999677
849   -0.999578
850   -1.00001
851   -0.999697
852   -0.999978
853   -0.999977
854   -1.00002
855   -0.999997
856   -1
857   -0.999739
858   -0.998988
859   -0.999977
860   -0.999045
861   -0.999981
862   -0.999961
863   -0.999996
864   -0.999992
865   -0.999962
866   -0.999994
867   -0.999747
868   -0.99933
869   -0.999983
870   -0.999994
871   -0.999992
872   -0.999984
873   -0.99966
874   -0.999984
875   -0.999991
876   -0.999977
877   -1
878   -0.999603
879   -0.999431
880   -0.999694
881   -1.00001
882   -0.999966
883   -0.999765
884   -0.999686
885   -0.999996
886   -0.999991
887   -1.00001
888   -0.999991
889   -1.00001
890   -1.00001
891   -1.00001
892   -1.00002
893   -0.999687
894   -1
895   -1.00001
896   -0.999359
897   -0.999999
898   -0.999994
899   -0.998863
900   -0.99959
901   -1
902   -0.999085
903   -0.999985
904   -0.999987
905   -1
906   -0.999996
907   -0.999993
908   -0.99999
909   -1.00001
910   -0.999713
911   -0.999598
912   -0.999732
913   -0.999166
914   -0.999988
915   -0.999997
916   -0.999738
917   -0.999999
918   -0.99999
919   -0.999981
920   -0.999992
921   -0.999982
922   -0.999995
923   -0.999756
924   -0.999596
925   -0.999989
926   -1.00001
927   -0.999751
928   -0.999648
929   -0.99998
930   -0.999976
931   -1.00001
932   -0.999638
933   -0.999983
934   -1
935   -0.999731
936   -0.999987
937   -0.999996
938   -0.999981
939   -1
940   -0.999991
941   -1
942   -0.999999
943   -0.999989
944   -0.999992
945   -0.999676
946   -0.999706
947   -0.999991
948   -0.999748
949   -0.999995
950   -0.999659
951   -0.999992
952   -0.999989
953   -0.999757
954   -0.999978
955   -0.999999
956   -0.999988
957   -0.999725
958   -0.999998
959   -0.99998
960   -0.999998
961   -0.999996
962   -0.99999
963   -1
964   -1.00001
965   -0.999703
966   -0.999677
967   -0.999326
968   -0.999991
969   -0.999997
970   -0.999038
971   -0.999401
972   -0.999976
973   -0.999978
974   -0.999999
975   -0.999986
976   -0.999454
977   -0.999671
978   -1
979   -1.00001
980   -0.999997
981   -0.999974
982   -0.999292
983   -0.999674
984   -0.999993
985   -1
986   -1.00002
987   -1
988   -0.999991
989   -0.999756
990   -0.999994
991   -1.00001
992   -1
993   -0.99999
994   -0.999591
995   -0.999979
996   -0.999995
997   -0.99999
998   -0.999999
999   -0.999393
