   0.167689
    0.02358
  -0.030115
  0.0882343
  0.0357365
  0.0198289
  0.0340142
   0.033338
  0.0349538
 -0.0053765
  -0.243004
  -0.229612
   0.106878
 0.00925342
-0.00600226
  0.0236658
 -0.0586437
 -0.0156757
 -0.0269189
-0.00516969
 -0.0466575
 -0.0232632
   0.011322
 -0.0492016
-0.00195082
  0.0156291
  0.0155594
  0.0125596
  0.0127277
 0.00483536
 0.00283561
  0.0117864
 -0.0122117
 0.00987146
  0.0071357
 0.00154605
  0.0302709
 0.00404475
 0.00918658
 0.00915857
   0.011447
  0.0016551
 0.00519324
  0.0204209
  0.0132329
 0.00863977
  0.0112411
  0.0119388
  -0.682565
  -0.787732
  -0.934201
    2.44545
   -0.28999
  -0.176754
 -0.0703321
  0.0572861
    0.10314
   0.143341
  0.0657546
  0.0898809
  -0.276978
  -0.390816
  -0.297051
  -0.470577
  -0.142041
  0.0417762
   0.125631
    0.23203
   0.281485
   0.271843
   0.276145
   0.308693
     0.5632
   0.566655
   0.665408
   0.418939
   0.336895
 -0.0332934
  -0.303701
  -0.454137
  -0.430531
  -0.431629
  -0.507647
  -0.354043
   -4.15718
    1.42347
    1.43366
    1.21817
   0.931639
   0.468637
   0.158192
  -0.160245
  -0.190919
  -0.389523
  -0.115278
  -0.573399
  -0.287949
  -0.229731
  -0.230537
  -0.152511
  -0.126929
 -0.0389082
  0.0214071
     0.1122
   0.116278
   0.262122
    0.32099
   0.227802
    0.15352
  0.0400901
  -0.114868
  -0.194988
  -0.234245
  -0.137183
   0.076657
   0.352757
    1.07247
    1.12876
   -3.91209
    1.77806
    2.20815
   -3.86607
    1.38021
    1.01922
   0.532493
    0.14176
  -0.168172
  -0.326237
  -0.477349
  -0.491434
  -0.591909
   0.624126
   0.683498
   0.626169
   0.482268
   0.220432
   0.150203
  -0.121231
  -0.209242
  -0.324871
  -0.366545
  -0.417087
  -0.277272
  -0.446082
 -0.0863665
 -0.0568774
  0.0157939
   0.028735
  0.0298067
  -0.208696
   -1.49636
   0.931395
    0.30179
   0.158384
   0.178871
   0.200993
   0.118517
   0.121498
   0.155111
   0.163093
   0.160672
   0.162125
   0.246106
   -0.35323
  -0.201031
   -0.19095
  -0.215017
   -0.17947
   0.561548
   0.640449
   0.586448
   0.292888
    0.33642
 -0.0447686
  -0.287177
  -0.432526
  -0.399069
  -0.416689
  -0.362845
  -0.465592
    2.40384
   -4.26613
    1.48261
    1.05892
   0.620076
   0.189124
  -0.170047
  -0.436681
  -0.596552
  -0.641398
  -0.336616
   0.689692
   0.412914
   0.232287
   0.230554
   0.102774
  0.0816048
-0.00131723
  0.0375447
 -0.0957034
  -0.173897
  -0.225266
  -0.218549
  -0.390158
   0.543947
   0.628468
   0.208465
  0.0886473
  -0.152006
  -0.214124
  -0.462892
  -0.582569
  -0.873864
   -1.24527
    1.30083
   0.738215
  -0.180613
  -0.165875
  -0.172706
  -0.140696
 -0.0906695
  -0.055857
   0.170106
   0.176608
  0.0986933
   0.119329
  0.0974246
   0.127644
  -0.341996
  -0.303002
  -0.182277
  -0.404643
  -0.554658
    2.35302
  -0.570367
 -0.0903897
   0.139642
  0.0382492
 -0.0231023
 -0.0736434
   0.195587
  -0.076605
  -0.340793
   -0.27802
  -0.199729
  -0.267128
 -0.0234198
   0.967964
     1.0765
    1.29067
   -4.14417
    1.67199
  -0.255763
  -0.370028
  -0.423738
   -0.29613
  -0.336719
  -0.174179
  -0.125226
   0.306408
   0.346178
   0.404657
   0.401859
   0.395262
   0.109215
   0.120795
   0.104157
    0.39642
   0.725592
   -2.25397
   0.549729
  0.0592744
  0.0374836
  0.0618541
  0.0532912
  0.0368778
  0.0317578
  0.0500592
   0.151868
 0.00696462
   0.318461
   0.151166
 -0.0639632
  -0.064809
 -0.0940143
  -0.120125
   -0.19055
  -0.202418
  0.0340425
   0.114149
   0.211604
   0.174915
   0.254257
   0.258024
-0.00209031
   -1.04915
   -1.35938
     3.3816
  -0.955291
   -1.03878
   0.267155
   0.260426
   0.247972
    0.24115
   0.237813
   0.150378
   0.119782
  -0.163678
  -0.328692
  -0.585317
  -0.227245
  -0.216748
   0.119136
   0.106624
  0.0833947
  0.0658563
  0.0157665
-0.00984593
   -0.11547
  -0.477857
   0.112058
  -0.105399
  0.0801499
   0.115044
   0.107475
  0.0538761
   0.124775
   0.117271
  0.0969105
  0.0723723
  -0.123885
  -0.251552
    1.24708
  -0.348603
  -0.469191
  -0.605042
   0.229238
   0.924749
   0.468204
  -0.109589
  -0.110162
 -0.0837273
  -0.287558
   -1.29239
   -1.34159
    -1.4074
   -1.57373
    4.68667
   0.499507
   0.368061
   0.429114
   0.311536
   0.365682
   0.189159
   0.149478
  -0.302705
   -0.40868
  -0.538701
  -0.394022
   -0.56907
   0.240179
   0.223796
   0.216075
   0.209246
   0.104946
  0.0753374
-0.00633189
  -0.223625
  -0.259265
   -0.19362
  -0.219706
   -0.17448
  0.0467202
   0.176668
   0.211249
   0.195483
   0.196376
  0.0683744
  -0.253614
  -0.478277
   -1.93225
    3.36192
  -0.884225
  -0.725433
  0.0833504
  0.0526283
   0.086907
  0.0468263
 -0.0400296
 0.00816595
   -0.26945
  -0.221215
  -0.028662
-0.00657448
     0.1214
   0.134215
  -0.022389
  0.0363041
 -0.0259703
   0.032727
   0.143132
  -0.132816
  -0.871965
    2.46946
  -0.547127
  -0.475134
  -0.352093
  -0.262107
   0.425255
   0.487846
   0.540973
    1.24707
   -2.77124
  0.0297559
   0.164642
-0.00381778
 -0.0391695
 0.00326221
 -0.0697579
 -0.0314503
   0.143697
   0.132301
    0.18782
  0.0157384
   0.334749
  0.0843208
 -0.0204325
  -0.162899
  -0.180241
  -0.212681
  -0.152329
  -0.157688
   -1.30649
   -1.10679
    3.22485
    -1.0403
  -0.549601
  -0.188143
   0.161596
   0.266407
   0.291741
   0.317007
   0.218069
  -0.276032
  -0.378897
  -0.410365
  -0.481354
  -0.348123
  -0.221677
   0.115785
   0.192044
   0.279641
   0.359006
   0.390973
   0.240804
   0.271063
  -0.270277
  -0.257797
  -0.184041
  -0.303357
  -0.251902
   0.230332
   0.221696
   0.287869
   0.200508
   0.171275
  0.0848882
  0.0980913
  -0.606227
  -0.614963
  -0.543633
  -0.492582
    2.69928
  -0.376094
  -0.227393
  -0.102987
   0.253352
  0.0763476
-0.00309732
 -0.0480556
    0.13727
   0.123415
 0.00570058
  0.0228051
  0.0184088
 0.00810764
   0.218068
    1.50216
   -3.60909
    0.40549
   0.562518
   0.603474
  -0.166442
  -0.178528
  -0.151149
  -0.163552
  -0.138883
  -0.103848
 -0.0621455
   0.179602
    0.51305
   0.108849
  0.0900146
  0.0665259
   -4.47089
    1.23715
    1.35729
    1.38621
   0.884014
   0.455492
    0.14816
 -0.0339006
  -0.205008
  -0.292532
  -0.597584
   0.180981
     1.1291
   0.682685
   0.562987
   0.213686
  0.0835836
  -0.206126
  -0.310334
  -0.404266
  -0.504121
  -0.578766
  -0.281863
  -0.325677
  -0.100629
  -0.110802
  -0.110862
 -0.0892826
 -0.0324943
 -0.0413348
   0.091494
  -0.126282
   0.152008
  0.0278778
   0.178347
   0.142662
  -0.166842
  -0.153935
 -0.0860747
-0.00326749
   0.101451
   0.250406
   0.645244
     1.1912
   -1.14681
  -0.426539
  -0.155362
 -0.0633648
   0.364873
   0.428264
   0.534845
   0.341838
   0.264461
  -0.132902
   -0.28792
  -0.387638
  -0.344625
  -0.339512
  -0.202106
  -0.259929
    1.44397
    1.23517
   -3.42451
    1.09843
   0.693921
   0.292368
  -0.120347
  -0.406779
  -0.455279
  -0.415802
  -0.254634
   0.321916
   0.443104
   0.207875
   0.335808
   0.221075
   0.198939
  0.0894459
  0.0558925
   -0.11818
  -0.165632
  -0.350905
  -0.334608
  -0.572112
  -0.556641
    1.06691
    0.65872
   0.468352
   0.149731
  0.0474822
  -0.272638
  -0.667702
   -1.18136
   -1.51034
   -2.07675
    3.86304
   0.365781
   0.384279
   0.268552
    0.23168
   0.383242
 0.00703829
  -0.274034
   -0.33725
  -0.256741
   -0.26483
  -0.232926
   -0.27817
   0.966637
   0.856924
   0.866625
   -3.53125
    1.02968
   0.274818
  0.0624433
  -0.164353
  -0.324269
  -0.245053
 -0.0580882
   0.285672
