 -0.0593937
-0.00720698
 -0.0583851
  0.0178356
  0.0679998
 0.00454686
  0.0338092
   0.080514
  0.0422442
  0.0162595
  -0.122813
 -0.0861431
  0.0690586
  0.0355957
  0.0183879
 -0.0057057
  0.0273713
    -0.0401
 -0.0373949
 -0.0292745
 -0.0244503
 -0.0225456
 -0.0261916
 -0.0451647
 0.00514193
  0.0110749
  0.0166308
 0.00616393
 0.00999203
 0.00413416
 0.00225093
  0.0144161
0.000377735
  0.0171456
-0.00156925
 0.00203443
  0.0118287
 0.00556799
  0.0118934
  0.0154854
 0.00783389
-0.00155585
 0.00890489
  0.0038258
  0.0194144
  0.0130232
  0.0137276
 0.00605395
  -0.532736
  -0.671599
   -1.25556
   0.842063
   0.299676
   0.135841
   0.147297
   0.123344
   0.182382
   0.199907
    0.24808
   0.287147
   0.141702
   0.243257
   0.608613
  -0.283388
 -0.0870676
  -0.136414
  -0.138823
  -0.098856
  -0.122361
 -0.0673843
 -0.0637764
 0.00719543
   0.758659
   0.468062
   0.612365
   0.394113
   0.230798
  -0.168527
  -0.210772
  -0.249713
  -0.341353
  -0.455673
  -0.457164
  -0.572004
   -5.06257
    1.72453
    1.48906
    1.81883
    1.63374
   0.389145
  -0.277436
  -0.219759
  -0.227998
  -0.230898
  -0.269455
  -0.747302
    1.05848
   -2.48322
   0.589041
   0.333386
   0.208994
  0.0530102
  0.0226958
 -0.0185227
-0.00346253
 -0.0401811
  0.0726839
   0.207759
   0.105986
   0.212503
 -0.0331654
  0.0977147
   0.353008
  0.0244157
 -0.0263959
  -0.070087
  -0.159812
  -0.123423
  -0.169412
  -0.195963
   0.852713
   -3.32301
    1.66759
   0.855633
   0.463515
   0.111336
 -0.0193984
 -0.0594566
  -0.110332
  -0.141329
  -0.163496
  -0.187353
   0.698604
   0.459507
   0.481972
   0.450556
   0.139246
  -0.166953
  -0.311091
  -0.396133
  -0.389627
  -0.326836
  -0.321376
  -0.356001
 -0.0423571
 -0.0500683
  0.0203511
  0.0672971
   0.307488
   0.300939
   -3.00144
   0.808637
   0.810818
    0.18468
   0.267358
    0.30735
  -0.189725
  -0.185006
  -0.301154
  -0.203811
  -0.160447
 -0.0710866
   0.293801
    0.10914
   0.200197
   0.209651
   0.111088
   0.158366
  -0.502388
  -0.455109
  -0.418628
  -0.360629
  -0.206925
  -0.242459
  -0.147458
  0.0577762
   0.299797
    0.60803
   0.702389
   0.670483
 -0.0775402
  -0.316753
  -0.249306
  -0.159385
  -0.165937
 -0.0544057
  -0.174646
   0.468065
    1.79034
    1.58218
   -4.20941
    1.55944
    0.04553
   0.177581
  0.0988607
   0.158731
   0.132674
   0.126916
  -0.271412
  -0.668249
  -0.944627
    3.70663
   -1.34553
   -1.22783
   0.424917
   0.435553
   0.535172
   0.554152
   0.573039
    0.39958
   0.103653
  -0.259476
  -0.971116
  -0.981784
  -0.519965
   -0.31939
 -0.0477429
 -0.0109495
  0.0477377
  0.0415302
  0.0865066
   -0.34699
 0.00706601
  0.0321747
 -0.0193739
   0.036018
  0.0895586
  0.0836302
  -0.285515
  -0.236737
  -0.229143
   -1.10121
   -1.14786
    3.29651
  -0.175997
 -0.0764436
 -0.0761651
  -0.051485
  0.0421151
  0.0445372
  -0.105192
  -0.342626
  -0.256697
  -0.201598
 -0.0941526
   -0.15602
   0.173909
    0.68108
    1.03825
    1.56414
     -4.095
    1.74229
  -0.537233
  -0.487901
  -0.581347
  -0.613941
  -0.672379
  -0.426798
   -0.15721
    0.23562
   0.918674
   0.819476
   0.838381
   0.612772
   -1.06837
  -0.948272
    3.12562
   -1.12807
  -0.651896
  -0.147248
  0.0818042
   0.197796
   0.176786
   0.215674
   0.121415
    0.06913
  -0.247623
  -0.301122
  -0.429307
  -0.600325
  -0.511956
  0.0362285
    0.25852
   0.359212
   0.407686
   0.349939
   0.327255
   0.369536
   0.281135
   0.136389
   0.105097
  0.0523606
  0.0511195
 -0.0492029
   0.016812
 -0.0775387
 -0.0337012
  -0.136486
  -0.159015
  -0.215306
  -0.791793
   0.480008
   0.279694
   0.221446
  0.0250632
  0.0127897
  -0.141982
   -0.12278
  -0.271207
  -0.281996
  -0.597891
    1.13941
   0.542168
   0.608031
   0.610938
   -3.32343
   0.988974
   0.293772
  0.0380306
-0.00384796
  0.0360139
  0.0546261
   0.075951
  0.0711638
   0.127687
   0.188862
   0.270996
   0.927152
    0.48647
 -0.0996704
  -0.276679
  -0.311359
  -0.384715
  -0.317565
  -0.294022
  -0.292735
   0.374206
   0.401293
   0.431451
   0.676504
   -1.48413
  -0.446277
 -0.0906203
 -0.0018713
   0.049822
  0.0420819
  0.0101587
  0.0294546
  0.0134994
 -0.0215674
  0.0427037
  0.0447274
   0.954562
  -0.244263
 -0.0988002
  -0.115206
  -0.111589
   -0.12524
    -0.1656
  -0.184521
  -0.551321
  -0.636456
  -0.475934
   -0.35643
  -0.311921
    0.15572
   0.168707
   0.268512
   0.318478
   0.424561
   0.481613
   0.516162
   -1.80153
    4.73109
   -1.62067
   -1.73745
   -1.50095
  -0.295146
   0.453798
    0.38851
   0.441463
   0.435728
   0.350219
   0.147058
  0.0764329
  0.0884505
   0.111222
   0.137297
   0.128162
   0.107881
  0.0448581
  0.0441123
  -0.741627
 -0.0292281
-0.00677958
  0.0230228
 -0.0923539
 -0.0938972
 -0.0829269
 -0.0892481
  -0.105551
  -0.100357
  -0.146391
    2.92611
   -1.31363
 -0.0621184
  -0.379457
  -0.451912
    0.33912
   0.292784
   0.267785
   0.198127
   -2.09874
   0.995732
 -0.0483965
  -0.058636
  0.0327243
  0.0737501
  0.0178888
 0.00918921
  0.0289401
-0.00923839
 -0.0329545
    0.20321
   0.116345
   0.340059
 -0.0393976
  -0.052422
  -0.100135
 -0.0853106
  -0.151107
  -0.167673
   0.255847
   0.280125
   0.287538
   0.380077
    0.33088
  -0.139797
 -0.0408416
  -0.163824
  -0.212226
  -0.295842
  -0.351553
   -0.33974
    1.33629
    1.28082
   -4.75691
    1.79851
     1.7114
   0.405585
  -0.352811
  -0.288614
  -0.344281
   -0.32186
  -0.270866
  -0.210049
  -0.328318
  -0.273754
  -0.229755
  -0.191516
  -0.134114
  -0.121117
  -0.135418
 -0.0982455
   0.426811
   0.369961
   0.371588
   0.351897
 -0.0736217
 -0.0849015
 -0.0924297
   -0.11727
 -0.0867973
  -0.089647
  -0.153205
   0.831637
    1.91021
   -3.93863
   0.952586
    0.93675
 -0.0606947
 -0.0298438
  0.0581824
  0.0364052
  0.0867384
  0.0653842
 -0.0827604
   0.274255
   -3.71405
    1.33421
    1.07738
   0.975398
  -0.388441
  -0.359589
  -0.450321
  -0.430316
    -0.4133
  -0.318546
  0.0250651
  -0.251893
    1.22889
    0.42369
   0.435148
   0.515376
   -4.33462
    1.82617
    1.80479
    1.15455
   0.585516
   0.129885
 -0.0364961
  -0.140142
  -0.112593
  -0.343936
  -0.372097
  -0.211205
    1.09052
   0.705421
    0.54005
   0.469414
   0.457761
  -0.197378
  -0.379051
  -0.518441
  -0.607483
  -0.462587
  -0.541572
  -0.595333
 -0.0181025
 -0.0459974
  0.0856587
  0.0364595
   0.164745
  0.0692488
  0.0386149
   -3.42459
    1.42776
   0.637266
   0.570463
   0.476264
  -0.428688
  -0.376948
  -0.465175
  -0.422563
  -0.389871
   -0.24261
  0.0154295
   0.541976
   0.569761
    0.57845
   0.313358
   0.330072
   0.192107
   0.369036
   0.251483
   0.113323
  0.0173568
  0.0828277
  -0.199536
   -0.81422
   -1.14165
   -1.57802
   -1.93854
    4.65177
    0.47683
   0.525434
   0.658999
   0.693448
   0.728538
   0.496173
   0.222161
  -0.203174
  -0.856433
  -0.825791
  -0.755084
   -1.12637
   0.407017
   0.432399
   0.442227
   0.402014
   0.220735
   0.327448
   0.234856
  0.0371178
  -0.188252
  -0.752958
  -0.759144
  -0.777839
    0.14591
   0.228534
   0.129917
  0.0199949
   0.141718
  0.0274597
   0.233936
  -0.344015
   -1.64605
   -1.32851
    -1.4695
    3.86432
    0.29344
   0.214519
   0.204447
  -0.241373
   0.263122
   0.038165
 -0.0309819
 -0.0902017
  -0.113156
  -0.162819
  -0.214039
   -0.19981
   0.474542
    0.49543
   0.694088
   -3.55381
    2.37395
 -0.0554791
 -0.0709659
  -0.034782
 -0.0828962
 -0.0430814
  -0.102683
  -0.109835
