  0.00169961
    0.115223
   0.0156923
  -0.0286501
  -0.0113694
  -0.0216556
  -0.0138647
 -0.00607091
   0.0169276
  -0.0450888
  -0.0488847
  -0.0446917
   -0.122658
  0.00164788
  0.00487351
   0.0221126
  0.00947261
  -0.0033777
  0.00412832
   0.0120393
  0.00651007
   0.0178129
  -0.0292677
 -0.00370788
  0.00638143
  0.00580389
   0.0111107
   0.0125117
   0.0114798
 -0.00562485
  0.00162681
   0.0139636
  0.00756651
  0.00763175
  0.00150367
-0.000214897
   0.0111263
  0.00654017
  0.00977934
   0.0074942
  0.00834491
-8.34806e-05
  0.00697079
   0.0190925
   0.0141641
  0.00809328
   0.0108286
  0.00825632
     1.33906
     1.34609
    -4.25074
     1.08446
    0.862583
    0.600073
   -0.224938
   -0.204312
   -0.189194
   -0.196657
   -0.115819
  -0.0373371
    0.628466
     1.03146
    0.637992
    0.249611
     0.43198
   -0.185173
   -0.508034
   -0.503281
   -0.488863
   -0.473925
   -0.404457
   -0.405642
     4.70207
    -2.16533
    -1.47792
    -1.17912
   -0.916954
   -0.541908
    0.190203
    0.204243
    0.203132
    0.309677
    0.386409
    0.262667
    -1.28834
    -1.56719
    -0.90956
   -0.370495
   -0.248817
    0.317175
    0.682414
    0.621423
    0.629879
    0.734974
    0.623128
    0.763672
   -0.670045
   -0.735836
   -0.686903
   -0.681788
   -0.665806
   -0.556732
    0.141633
    0.428384
    0.478832
    0.686728
     1.11959
     1.10948
   -0.346338
   -0.485618
   -0.443358
   -0.489049
   -0.547574
   -0.131414
    0.756435
    0.936497
     1.26355
     1.91317
     -4.5525
     2.10845
   -0.433437
   -0.431058
   -0.396936
   -0.433025
    -0.39627
   -0.396582
    0.362588
 -0.00286832
    0.354878
    0.487275
    0.600039
    0.669895
   -0.288008
   -0.274306
    -0.26207
   -0.254537
   -0.302877
   0.0971186
     1.16908
     1.29002
    -4.06932
     0.79272
     1.04777
     1.05437
    0.234675
    0.235982
    0.253728
    0.300851
    0.270746
    0.577988
    -1.57294
   -0.375234
   -0.103574
     0.03567
   0.0600596
   0.0720261
   0.0273029
   0.0131836
   0.0150705
   0.0233801
   0.0961289
      0.1473
     1.02311
   -0.362116
   -0.204972
   -0.251663
   -0.260978
   -0.285807
    -1.59627
     4.21151
    -1.57764
    -1.21188
   -0.860258
   -0.476034
    0.285866
    0.297037
    0.268032
     0.21212
    0.227036
    0.166806
   -0.842015
    -0.95732
   -0.801106
   -0.571686
   -0.324118
      0.2218
    0.589704
    0.494502
    0.540034
    0.575067
    0.462391
    0.546837
   0.0252221
   -0.258843
   -0.288735
   -0.316424
   -0.347904
  -0.0984215
    0.332753
    0.516648
       1.097
     1.38877
    -4.23681
     2.17227
   -0.508649
   -0.589866
   -0.502446
   -0.420451
   -0.492641
   -0.325039
   -0.023081
    0.179747
    0.284408
     0.69417
    0.809937
    0.864502
    0.112902
    -1.04637
  -0.0587838
    -0.18572
   0.0577166
   0.0905595
    0.139619
    0.163964
    0.168824
    0.177035
    0.187005
    0.189696
    -0.50284
     1.58613
   -0.161394
  0.00259604
   -0.118289
   -0.168195
   -0.121863
   -0.117368
   -0.106061
   -0.106171
    -0.09437
   -0.092274
   -0.225563
   -0.248846
   -0.383051
   -0.346593
     1.33594
   -0.484813
  0.00870505
   0.0841644
    0.102119
   0.0859413
   0.0351817
   0.0283367
   -0.167287
   -0.145677
  -0.0516643
   -0.236846
    0.164819
    0.249205
   -0.155556
   0.0835615
    0.103173
   0.0719256
   0.0385472
   0.0370475
  -0.0322678
   -0.249865
   -0.189386
   -0.252276
   -0.264604
  -0.0832697
    0.409669
    0.527806
     1.15244
    -4.07158
     1.49282
     1.54779
   -0.478728
   -0.571144
   -0.511412
   -0.392542
   -0.464885
   -0.290244
  0.00770544
    0.220533
    0.407021
    0.694122
     0.64206
    0.698471
  -0.0608529
   -0.284483
   -0.329703
   -0.257289
   -0.314094
  -0.0589364
    0.366454
    0.518108
     1.09496
      1.2534
     1.63969
    -3.57716
   -0.569475
   -0.611607
   -0.494574
   -0.453095
   -0.536207
   -0.357007
  -0.0246626
    0.176079
    0.241783
     0.82856
    0.788724
    0.980684
    0.798093
    0.806082
     1.07109
     -4.2177
     1.10708
    0.789047
   -0.133014
   -0.108416
   -0.072684
  -0.0398406
 0.000755728
  -0.0215957
    0.359483
    0.321397
       0.319
    0.821121
    0.488325
   -0.166912
   -0.408206
    -0.38171
   -0.352259
   -0.319131
   -0.299341
   -0.370841
   -0.215484
   -0.208495
   -0.196633
   -0.117939
    0.273446
    0.859977
  -0.0459537
  -0.0073589
  -0.0887802
  -0.0838864
   -0.097286
  -0.0837533
   0.0649608
  0.00914515
   0.0121955
  -0.0503011
  -0.0875099
    -2.14783
     1.08552
    0.366048
     0.25001
    0.193838
    0.149302
    0.139119
    0.231021
   0.0539495
    0.494585
   0.0679965
    0.286554
      0.0789
   -0.106811
   -0.136837
    -0.19351
   -0.248365
   -0.257233
   -0.262725
    0.647517
     1.02048
    0.825336
    -3.32985
     1.24219
    0.117071
  -0.0228274
  -0.0467401
   -0.109108
    -0.10084
   -0.124456
   -0.120815
     0.38243
    0.415727
    0.330775
    0.359864
    0.345974
    0.367014
   -0.413963
   -0.678915
   -0.583774
   -0.167864
   -0.185666
   -0.200482
    0.119679
   0.0958084
    0.168975
     0.12961
    0.142667
   -0.232528
    -1.44935
     3.85228
   -0.788961
   -0.716863
   -0.646025
   -0.679707
   -0.183732
    -0.18304
   -0.207548
   -0.283524
    -0.45435
   0.0218659
    0.201256
    0.200579
    0.193275
    0.204247
    0.221394
    0.242956
    -0.53662
     2.32923
    -0.58432
   -0.624159
    -0.80455
  -0.0808953
  -0.0126417
   0.0275883
   0.0425265
   0.0660529
   0.0856627
   0.0944924
    0.186502
    0.320164
    0.681278
    0.309498
    0.368109
   -0.107151
   -0.246653
   -0.261396
   -0.203309
   -0.300752
   -0.351593
   -0.400988
     1.32253
     1.97548
    -4.34051
     0.71842
     0.76213
    0.057146
   -0.029388
  0.00564361
  -0.0877687
  -0.0643314
   -0.156272
   -0.172785
   -0.472339
   -0.539478
   -0.547524
   -0.595286
   -0.558577
    -0.50929
    0.193733
    0.595996
    0.382962
    0.796971
    0.660471
    0.609216
   -0.248771
   -0.388324
   -0.417908
   -0.399313
   -0.427908
   -0.039844
    0.896307
     1.01599
     1.74252
    -4.38611
     1.25769
     1.39919
   -0.026476
   -0.075904
  -0.0826162
   -0.102756
   -0.123449
   0.0277541
    0.672849
    0.837517
    -3.89228
    0.984013
    0.886787
    0.903558
    -0.44135
   -0.399086
   -0.433895
   -0.279383
   -0.300453
   -0.153874
    0.105225
  -0.0861747
    0.775399
    0.491504
    0.363199
    0.363047
    -1.04046
   -0.872763
   -0.551907
   -0.228206
   -0.215816
    0.190052
    0.405901
    0.410761
    0.375105
    0.521803
    0.531795
    0.515149
      4.7693
    -2.75801
    -1.02193
   -0.758101
   -0.646631
  -0.0580429
  -0.0286938
 -0.00789909
   0.0189992
    0.188384
    0.216949
    0.138594
  -0.0661074
  -0.0808314
   -0.106349
   -0.104462
    -0.10538
  -0.0309294
     1.01961
    -3.01404
    0.656775
    0.650901
    0.571161
     0.59594
   -0.244658
   -0.234101
   -0.221411
   -0.187989
   -0.175792
  -0.0990124
    0.205677
    0.133674
    0.698344
  -0.0549164
   0.0705461
    0.101327
   -0.630874
   -0.752859
   -0.783238
    -0.70483
   -0.751179
   -0.645145
   0.0952795
    0.359585
     0.45478
    0.657965
      0.9785
     1.69839
   -0.331307
   -0.383329
   -0.334026
   -0.400216
   -0.454663
  -0.0344599
    0.842692
    0.986815
     1.32131
     1.73932
     1.95122
     -4.8982
   0.0150786
     0.01104
   0.0581974
    0.115183
   -0.989396
     1.65868
   -0.358047
   -0.231151
   -0.107977
  -0.0769954
  -0.0435913
  -0.0427928
   0.0188238
  0.00664208
  -0.0117394
   0.0487114
  -0.0769975
    0.574709
   -0.439585
  -0.0622264
  -0.0484108
   -0.028941
  0.00904294
  -0.0037082
    0.113471
    0.123154
    0.165719
    0.238875
    -1.15207
  -0.0486151
   0.0804115
   0.0641596
   0.0878048
   0.0817725
    0.115622
    0.104228
   -0.151182
   -0.148575
   -0.033129
    0.342097
     2.26096
   -0.805374
   -0.366543
   -0.284754
   -0.233215
   -0.197581
   -0.192176
   -0.192832
