   -0.144605
  -0.0639418
   -0.100011
  -0.0382612
   0.0611409
   0.0243049
   -0.116543
    0.127259
  -0.0350698
    0.132713
  0.00549629
   0.0767849
    0.252064
    0.212862
    0.208544
    0.166589
    -0.23824
   -0.175124
 -0.00049265
   -0.324326
    0.230099
   -0.139259
  -0.0699082
   -0.203223
  0.00295322
-0.000282566
   0.0334331
   0.0504301
    0.017062
 -0.00082594
  -0.0104364
   0.0344142
   0.0109508
 -0.00431587
 -0.00813862
  0.00191222
   0.0275145
   0.0093972
   0.0203029
    0.012851
   0.0163282
  0.00302475
 -0.00817704
  0.00991965
   0.0156306
    0.019883
 -0.00258331
   0.0352605
   -0.173244
     -0.2306
   -0.522601
   -0.444444
   -0.381961
   0.0300517
    0.756234
      -0.172
    0.390415
    0.366884
    0.176807
    0.197164
    0.134604
    0.157308
  -0.0728469
   -0.109184
   0.0675327
    0.161171
    0.500633
    -3.20031
    0.562484
    0.642369
     0.59555
    0.550254
   -0.620821
    -0.51539
    -1.52715
   -0.209657
   -0.101097
     0.21899
    0.490903
    0.395945
    0.416842
    0.468424
    0.514825
    0.408836
    -2.37376
     4.39599
    -1.53993
    -1.00939
   -0.363411
    0.122302
    0.098819
    0.198612
   0.0833688
    0.183238
    0.121438
   0.0344709
   -0.627113
   -0.627466
   -0.956424
   -0.691892
   -0.467988
   -0.325813
    0.050796
    0.316453
    0.653019
    0.883784
     1.00585
    0.888272
   -0.267252
   -0.350252
   -0.459664
   -0.481967
   -0.442012
   -0.386031
    0.190744
     1.15676
     1.37075
     1.99807
    -4.41392
     2.20096
   -0.441699
   -0.449574
   -0.770141
   -0.590452
   -0.398994
   -0.217245
    0.280985
    0.735563
    0.600194
    0.720583
    0.330943
    0.411847
  -0.0842174
   -0.152557
   -0.213378
   -0.291328
     -0.1275
   -0.120487
    0.357147
     1.67557
    -4.11973
     1.21711
     1.13186
    0.954969
    0.104476
   0.0876297
   0.0691884
    0.104522
    0.124037
    0.463864
    -1.12944
   0.0621649
   0.0341437
    0.037794
   0.0395408
   0.0255599
   -0.126895
   -0.128978
   -0.116867
  -0.0479438
   0.0456042
    0.561587
     3.11233
    -1.04338
   -0.697029
   -0.557673
   -0.496623
   -0.490702
    -1.81127
     5.21084
    -3.00433
    -1.55944
   -0.511414
   0.0640375
   0.0652759
    0.166267
    0.278803
    0.356089
    0.369668
     0.35059
    -1.08677
    -1.27779
   -0.500216
   -0.259472
   -0.101262
    0.278542
    0.279389
    0.498856
    0.531936
    0.522333
    0.533904
    0.543441
   -0.408256
   -0.372372
   -0.723673
   -0.444561
   -0.182338
  -0.0913583
    0.373885
     0.98541
     1.22978
     1.73846
    -4.19563
     2.00381
   -0.926261
   -0.757681
   -0.780916
   -0.724836
   -0.456034
   -0.345522
   -0.159735
    0.348066
    0.519465
    0.871651
     1.22656
     1.08345
   -0.185416
   -0.167338
   -0.247114
   -0.132445
   -0.237105
    0.117321
    0.070666
    0.174202
    0.132064
    0.182981
    0.193233
    0.218103
    0.129425
   0.0754305
   0.0202425
   -0.239941
   -0.569988
     1.71396
    -1.27542
     0.17772
   0.0837063
    0.018056
  0.00605388
  -0.0166442
    0.349932
    0.428548
      1.2582
     1.03216
   -0.643008
   -0.424567
   -0.334979
    -0.33011
   -0.333984
   -0.320305
   -0.332305
   -0.337765
    0.689737
     0.64695
    0.704532
      -2.989
    0.148333
    0.165144
    0.158777
    0.135866
    0.110819
    0.103694
   0.0773532
   0.0593451
    0.562353
    0.553176
    0.870117
    0.623619
    0.433352
    0.249252
   -0.163017
   -0.395217
   -0.574038
   -0.973041
   -0.652718
    -0.61824
    0.129497
    0.162882
    0.317682
    0.391203
    0.332622
    0.270183
   -0.293585
    -1.29394
     -1.5266
     4.42236
    -1.51715
    -1.50589
    0.765012
    0.725751
     1.05883
    0.790207
    0.547147
    0.383562
   0.0383281
   -0.293936
   -0.616713
    -1.12662
    -1.02365
    -1.31566
    0.272931
    0.426227
    0.461841
    0.448767
    0.470927
    0.400178
   -0.200432
    -1.17812
    -1.51209
    -1.88196
    -2.23088
     4.43396
    0.399207
    0.394372
     2.53667
     -4.2151
    0.651151
    0.231068
    0.207874
   0.0421464
  -0.0209048
  -0.0703045
  -0.0880334
  -0.0764916
    0.468694
     0.40119
    0.617458
  -0.0995724
    0.076139
  -0.0100656
   -0.111247
   -0.137939
   -0.241627
    -0.30012
   -0.317194
   -0.322028
   -0.199681
   -0.220009
   -0.300451
   -0.437549
   -0.861177
      1.6187
    0.457359
    0.175175
   0.0315528
  -0.0309222
  -0.0698821
  -0.0769347
    0.122007
    0.141417
   0.0721366
  -0.0532671
   -0.215402
    -1.30082
    0.353182
    0.363564
    0.234664
    0.154755
   0.0973277
    0.113261
   -0.144465
  -0.0690808
  -0.0893783
    0.310922
   0.0660441
    0.460761
  -0.0479018
  -0.0644214
  -0.0901428
  -0.0967055
  -0.0998087
   -0.111155
     0.47767
    0.442946
    0.533766
    -1.32863
  -0.0587628
   -0.235345
    0.114898
   0.0111017
   0.0202932
   0.0222766
   0.0108936
  0.00399506
     0.77169
    0.594675
     1.56384
    0.109079
 -0.00987304
   -0.314051
   -0.593469
   -0.487734
   -0.328386
   -0.425215
   -0.451735
   -0.394559
    -4.02301
     1.64539
     1.24032
     1.02679
    0.568941
  0.00959978
  -0.0183615
  -0.0670195
  -0.0396238
    -0.10709
  -0.0970012
  -0.0801987
    0.406933
    0.615595
     1.41267
     1.10286
    -3.84364
    0.374685
    0.452248
   0.0285527
   -0.184026
   -0.128665
   -0.126157
    -0.10554
   -0.048842
  -0.0900788
    0.428757
    0.850216
    0.319236
    0.224126
  0.00678796
   -0.105914
   -0.333635
   -0.374397
   -0.411999
   -0.429749
    0.370245
    0.610532
     1.77729
    0.119262
   -0.283509
   -0.143272
   -0.422908
   -0.356229
    -0.38575
   -0.407244
   -0.421308
   -0.415503
     1.69614
     1.39001
    -4.76643
     1.14681
    0.432475
  -0.0328093
-0.000941048
   0.0727684
   0.0180658
   0.0097817
   0.0297055
   0.0426159
    0.377432
    0.289203
     0.63417
     0.37037
   0.0887096
  -0.0213324
   -0.515604
    -1.30685
    -1.23168
     4.22408
    -1.42494
    -1.44805
    0.746172
    0.597683
    0.595183
    0.541803
    0.261475
    0.177436
    -0.04014
   -0.366569
   -0.312826
   -0.878781
   -0.771141
   -0.528131
   -0.322865
    -0.27963
   -0.533174
   -0.323424
   0.0662186
    0.215283
    0.665052
     1.65808
    -4.03904
      1.0793
    0.852404
    0.879907
   -0.698508
   -0.505377
   -0.476028
   -0.395399
   -0.182658
   -0.111985
    0.165096
    0.391409
    0.630085
    0.460832
    0.326542
    0.309263
    -5.14225
      1.8593
     2.82026
     1.45671
    0.662694
  -0.0974983
  -0.0894637
   -0.210894
   -0.253644
   -0.285671
   -0.352225
   -0.380939
     1.79733
     1.02819
    0.711152
    0.301048
 -0.00214788
   -0.374934
   -0.344557
   -0.644425
   -0.632235
   -0.608376
   -0.631542
   -0.601617
   0.0348125
   0.0100233
   -0.122795
     0.03945
      0.2859
    0.842739
     1.28123
    -3.94998
    0.211354
     0.31483
     0.48596
    0.561563
   -0.443142
   -0.430686
   -0.392144
   -0.305015
  -0.0855227
  -0.0300197
    0.283122
      1.2422
   -0.175014
    0.131579
    0.125395
   0.0797352
    0.323084
    0.335548
    0.664052
    0.401653
    0.148179
   0.0492162
    -0.42336
   -0.945541
    -1.21626
     -1.6372
     -2.1409
     4.48864
      1.0482
    0.928049
    0.855339
    0.780847
    0.498018
    0.383395
    0.226718
   -0.302493
   -0.421121
   -0.942963
     -1.2503
     -1.7278
   -0.371328
   -0.366812
   -0.380484
    -0.36436
   -0.379033
     2.50641
    -1.34841
    0.176832
    0.136268
   0.0913176
     0.11594
    0.111422
 -0.00245362
 -0.00262341
   0.0165374
   0.0407896
   0.0818789
    0.173681
   -0.874289
   -0.113114
   0.0361915
     0.14238
    0.187659
    0.219212
   -0.154378
   -0.112478
   -0.621827
   -0.328386
    -0.45734
  -0.0459266
    0.108637
    0.306845
    0.308984
    0.370718
    0.368148
    0.393556
   -0.296081
   -0.434814
   -0.516912
    -1.20131
     3.04309
  -0.0513029
   -0.434044
   0.0639906
    0.085505
  -0.0234663
  -0.0152505
   -0.059685
