   0.0588318
   0.0160756
   0.0395943
  -0.0759358
  0.00210106
  0.00344309
  0.00622804
   -0.043935
  -0.0113402
  -0.0515654
 -0.00456819
 -0.00966234
    0.027203
   0.0432785
  -0.0107459
  -0.0335478
   0.0109806
   0.0119618
-0.000272379
  -0.0335955
   -0.036691
   0.0128516
  -0.0547959
  -0.0170407
  0.00560993
  0.00891741
   0.0151843
   0.0131798
   0.0106812
  0.00459374
  0.00442155
   0.0112521
  0.00910421
  0.00936286
   0.0013301
 -0.00753748
   0.0111705
  0.00596617
   0.0106384
   0.0133781
  0.00813947
  0.00173562
  0.00751494
    0.011921
  0.00831666
  0.00891331
  0.00555061
  0.00721324
   -0.260515
   -0.269657
   -0.409857
    0.121759
      0.2408
     -0.2878
    0.521398
  0.00409029
    0.194602
   0.0991901
   0.0580668
 -0.00342864
   -0.179786
   -0.177243
  -0.0933898
    0.489276
    0.654997
      1.1231
   -0.657442
   -0.469827
   -0.178333
    -0.12583
   -0.220862
   -0.159155
      1.3214
    0.887775
     1.41227
     0.23933
    0.119125
   -0.585384
   -0.459626
   -0.495222
   -0.543437
   -0.634028
   -0.613519
   -0.652833
    -4.56521
     2.03278
     1.58047
     1.70583
    0.831564
  -0.0760522
  -0.0803696
   -0.171206
   -0.263193
   -0.259392
   -0.377556
   -0.350717
     0.13025
    0.213849
    0.762745
    0.399343
    0.202689
   0.0798223
   -0.286609
   -0.310573
    -0.34087
   -0.401695
   -0.168145
   -0.288825
   -0.118261
  -0.0266184
    0.159512
    0.177836
    0.195913
 -0.00374904
   -0.414305
   -0.532312
   -0.601754
   -0.705018
   -0.759327
     2.63478
    0.283622
    0.349002
     0.63096
    0.413225
    0.198246
    0.235643
   -0.805795
   -0.194396
   -0.358452
   -0.272824
   -0.237271
   -0.253454
  -0.0131713
    0.046617
    0.217805
  -0.0319442
    0.164624
  -0.0218136
   -0.875094
     4.02507
    -1.08099
   -0.711548
   -0.787116
   -0.928476
   0.0991016
    0.107908
    0.206766
    0.341982
    0.682199
     1.28247
    -1.76093
   -0.744805
   -0.376755
   -0.159038
    0.115144
    0.191148
   -0.258621
   -0.258448
   -0.186635
  -0.0116778
    0.145506
    0.572003
     2.18099
   -0.930135
    -0.59811
    -0.42928
   -0.132334
   -0.118113
    -1.97614
     5.17684
    -3.27378
   -0.730041
   -0.245573
    0.234586
    0.117311
     0.11313
    0.124858
    0.122148
    0.200143
    0.144149
    -1.09435
    -1.07389
   -0.720309
  -0.0143747
   0.0242924
    0.314899
     0.29767
    0.341234
    0.393452
    0.475569
    0.508613
    0.542601
   -0.106942
   -0.185645
    -0.17809
   -0.440439
   -0.227551
    -0.28537
    0.636348
     0.66577
     1.14953
     1.72334
     -5.1911
     2.44245
   -0.686593
   -0.695977
   -0.742707
      -1.146
   -0.946791
   -0.549822
   -0.239707
  -0.0329997
    0.373129
    0.754959
      1.6553
     2.24457
    0.192794
    0.199943
    0.527433
   -0.159614
   -0.230664
    0.937549
   -0.567047
     -0.2708
   -0.321074
   -0.202976
   -0.107731
  -0.0176315
   0.0840728
     0.10364
   -0.063603
    -1.07027
   -0.975325
     1.37406
  -0.0629023
   0.0716967
   0.0885939
   0.0875754
   0.0983912
    0.247701
    0.146356
    0.150832
    0.224977
    0.124298
    0.142242
   -0.552714
 -0.00292296
   0.0172653
  -0.0430405
  -0.0308428
  -0.0867474
  -0.0889567
   -0.128058
   -0.132073
   -0.164519
   -0.468753
   -0.367937
    0.990323
   -0.107589
   -0.190606
   -0.240734
   -0.248619
      1.3945
   -0.335457
    0.429155
    0.479494
    0.923964
    0.576518
    0.324273
    0.356413
   -0.298194
  -0.0882358
   -0.252354
   -0.936843
   -0.688244
   -0.828277
    0.145893
    0.192825
    0.379015
    0.207997
    0.300175
    0.161981
   -0.274654
   -0.784913
    -1.16232
     5.13554
    -1.68753
    -2.64267
   -0.707265
     -1.0085
    -1.38219
   -0.280665
   -0.132263
    0.529564
       0.411
    0.408241
    0.448345
    0.579176
    0.538138
    0.585481
      -1.926
     4.62888
    -1.67272
    -1.67474
   -0.847667
    0.101521
    0.110762
    0.156786
    0.173004
    0.264385
    0.332589
     0.32136
     0.85893
    0.981782
     2.23175
    -4.47611
  -0.0697768
   0.0109361
   0.0537804
   0.0727321
   0.0607651
   0.0823998
   0.0697465
   0.0580193
    0.216066
    0.191568
    0.122914
      1.1268
  -0.0393809
  -0.0276643
   -0.153291
   -0.222833
   -0.286046
   -0.304219
   -0.317595
   -0.339329
   -0.326293
   -0.341638
   -0.605469
   -0.220121
   -0.207793
     2.01205
     0.10511
  -0.0852004
    -0.04974
   -0.089977
  -0.0830925
   -0.119715
  -0.0138548
  -0.0186261
   0.0686637
    0.909879
    0.730691
    -1.89175
   -0.354474
  -0.0226146
   0.0312941
   0.0646736
    0.397542
   0.0833298
   0.0907419
    0.185628
    0.144397
     0.29611
   0.0962014
     0.21784
    -1.25752
    -1.25237
     4.95436
    -1.29668
    -1.06821
    -1.10641
     0.48877
    0.526393
    0.614102
     0.75081
     0.63959
    0.359221
   0.0584848
   -0.292504
   -0.738875
   -0.761897
   -0.869141
   -0.780438
    -0.21604
   -0.222649
   -0.408587
  -0.0767713
    0.117661
      1.0966
   -0.215364
   -0.201491
  -0.0409586
 -0.00107058
   0.0721877
   0.0727537
   -0.171604
   -0.186952
    -0.15948
    0.362812
    0.109833
     1.25655
    -2.27662
  -0.0479166
     0.13319
    0.210422
    0.431743
    0.338767
    0.402294
    0.543257
     1.13021
     1.31782
    -4.11071
    0.454539
     0.18932
    0.143228
   -0.011084
  -0.0304541
  -0.0378236
   0.0180869
   -0.123672
  -0.0969432
   0.0601399
    0.367628
    0.622964
    0.342104
    0.135661
   -0.263297
   -0.215957
   -0.338767
   -0.152799
   -0.299391
    0.555877
     0.46118
     1.49796
    0.380401
   0.0515473
   -0.456842
   -0.365644
   -0.369097
    -0.33192
   -0.374056
   -0.472787
   -0.584144
     1.19413
     1.19899
    -5.39427
     2.00083
     1.10779
  -0.0221556
  0.00323848
   0.0792546
  -0.0496299
 -0.00499309
  -0.0291503
  -0.0949839
   0.0847591
    0.246266
    0.190445
    0.416629
    0.190156
    0.305106
    -0.91851
    -1.01595
     -1.2491
     5.13716
    -1.58042
    -1.77878
    0.529076
    0.524313
    0.710288
    0.965841
    0.811663
    0.441501
    0.118947
   -0.215478
   -0.561214
   -0.928653
   -0.845434
    -1.53642
    0.323724
    0.434586
    0.791214
    0.477776
    0.341983
    0.289179
   -0.504097
   -0.273907
     -0.5545
   -0.417616
   -0.337255
   -0.558823
    0.033645
    0.172689
    0.224108
   0.0955866
    0.205363
   0.0450109
   -0.479798
   -0.798006
      4.7787
    -1.28107
    -1.23989
    -1.74891
    -5.05662
     2.01212
      3.1437
    0.809715
     0.37574
   -0.223429
  -0.0884173
   -0.125085
   -0.184234
   -0.244895
   -0.242501
   -0.177695
     1.75728
     1.28836
    0.673041
  -0.0145113
  -0.0299321
    -0.37135
    -0.35612
    -0.45268
   -0.548791
   -0.570905
   -0.699908
   -0.664599
    0.101018
   0.0592744
    0.141632
  -0.0615608
  -0.0263292
   0.0184706
     1.82177
    -5.28456
    0.839044
    0.693645
    0.795219
    0.853585
   -0.362909
   -0.392146
   -0.411179
   -0.633634
    -0.56408
   -0.276292
    0.131598
    0.962806
     0.42852
    0.479005
    0.267794
    0.327122
  -0.0344791
   0.0370495
  -0.0337605
    0.256907
    0.115742
    0.103121
   -0.729902
   -0.714168
     -1.1967
    -1.52999
    -1.95983
      5.6673
    0.679269
    0.680548
    0.676448
      1.2504
     1.02078
    0.560038
     0.23561
   0.0937851
    -0.12019
   -0.648878
    -1.18315
    -3.23459
   -0.199842
   -0.344286
   -0.804308
    -0.48366
   -0.417032
    -0.41173
    0.112334
    0.181744
   0.0243725
    0.787851
    0.572089
    0.959026
  -0.0784328
   -0.180394
   -0.426739
   -0.410246
   -0.452294
    0.321507
    0.130853
    0.432434
    0.848448
     1.47156
    -5.35731
     3.65527
    0.494095
    0.458499
    0.506279
   -0.508287
   -0.240656
    -0.18845
   -0.212375
    -0.15197
   -0.108851
  -0.0653296
  -0.0215385
  0.00685356
    0.267623
    0.326935
    0.322795
    -2.86186
       2.647
   -0.342243
   -0.273459
   -0.123354
  -0.0378017
  -0.0157659
   0.0115856
    0.069975
