  -0.0900301
   0.0856914
    -0.21359
   0.0826611
  -0.0283894
   0.0546611
  -0.0906825
   -0.261833
  -0.0425713
-0.000711195
   -0.151389
    0.585449
   -0.267154
  -0.0672975
    0.224226
   0.0224725
   -0.035088
  -0.0622324
  -0.0343633
   0.0574026
   -0.041794
    0.095294
-0.000668799
   0.0287892
  -0.0194951
-0.000467951
  0.00881057
  0.00790371
-0.000773973
  0.00682241
 -0.00610934
  0.00882166
   0.0065429
  0.00566484
  0.00521066
  -0.0096445
   0.0115153
  0.00978579
   0.0050592
 0.000977542
   0.0349533
-0.000775631
   0.0111176
 -0.00650298
  -0.0132782
  -0.0342348
  0.00514253
  0.00312951
    0.398067
    0.902971
    -3.18029
     0.55727
    0.354757
    0.398144
    0.215823
     0.33555
    0.115318
   0.0832908
   -0.219392
   -0.103491
    0.734375
    0.643272
    0.488164
   0.0634889
   0.0737191
   -0.325026
   -0.218043
   -0.247221
   -0.288686
   -0.456907
    -0.32249
    -0.28977
     1.50194
     1.30856
     0.68212
    0.910548
  -0.0408332
   -0.403349
   -0.655694
    -0.67432
   -0.521546
   -0.467257
   -0.829342
   -0.871296
    -5.15314
     2.71865
     1.69906
    0.878454
    0.795624
    0.390866
    0.114613
   -0.216503
   -0.431048
   -0.562703
   -0.209042
  -0.0741988
   -0.332543
    -0.33453
   -0.358926
   -0.321152
   -0.193555
   -0.112016
   -0.121261
   0.0655638
   0.0330822
    0.497641
     0.44033
    0.691104
  -0.0245494
  -0.0516812
  -0.0241278
 -0.00782192
    0.102378
    0.121827
    0.185979
  -0.0710918
    0.015793
     1.27601
    -2.63776
     1.08349
   -0.497384
   -0.612131
   -0.669812
   -0.647273
   -0.235609
    0.054106
    0.162047
      0.4491
    0.891908
    0.552054
    0.473708
   0.0361378
   -0.233016
    -0.38595
   -0.324992
    -0.28894
  -0.0511377
    0.174687
    0.660013
     1.59261
    -4.21568
     1.17564
     1.08494
    0.784131
     0.31294
    0.309121
    0.231814
    0.192966
    0.205858
   0.0658635
    -3.25434
    0.615222
    0.458368
    0.382384
     0.21343
    0.182834
   -0.231363
   -0.270627
   -0.344701
   -0.462608
   -0.868934
    0.111662
     1.87475
    0.583969
     0.11105
  -0.0594983
   -0.245212
   -0.292076
     -1.8835
     4.74897
    -1.77276
    -1.91005
   -0.276237
    0.329286
    0.227811
  -0.0431765
   0.0362974
     0.17548
    0.292395
   0.0964929
    -1.00752
    -1.76642
   -0.727001
   -0.465237
    0.134936
     0.44822
    0.497434
    0.346834
    0.479181
     0.68942
    0.748522
    0.630406
   -0.364642
   -0.490072
   -0.481814
    -0.73388
   -0.159879
   -0.048321
    0.563988
    0.900572
     1.59919
     1.79098
    -4.63346
     1.99645
    -0.77891
    -1.04951
   -0.870463
   -0.700928
   -0.837128
   -0.566795
   -0.125135
    0.256704
    0.633404
     1.17397
     1.55426
     1.23471
  -0.0805215
   -0.104154
   -0.170175
   -0.199831
   -0.188179
    0.158627
   -0.807418
    0.362461
    0.289864
    0.284109
    0.217223
    0.203594
   -0.196358
    -0.23896
   -0.296405
   -0.386199
    -0.50325
     2.46313
    -2.08052
    0.520551
    0.275887
    0.201931
     0.12228
    0.086955
     0.50838
    0.486317
    0.813441
     0.79803
     0.19929
   0.0785788
  -0.0357397
   -0.174768
   -0.514364
   -0.643235
    -0.70147
   -0.829083
    0.301285
    0.341987
      0.3359
    0.205826
    0.157023
   0.0478815
   -0.424131
     -0.9052
    -1.09519
    -1.19877
     3.76273
    -1.54424
    0.520733
    0.665962
    0.793266
    0.902879
    0.238906
   0.0858805
   -0.076317
    -0.23576
   -0.341935
    -1.18332
   -0.811142
   -0.583672
    0.115689
    0.362033
    0.365817
    0.246781
   0.0703001
  -0.0680328
   -0.586617
    -1.20187
    -1.14603
     4.36402
    -1.30666
    -1.26628
    0.802193
    0.969211
     1.24871
     1.14454
    0.343644
    0.214828
    0.102764
   -0.122231
   -0.263404
    -1.07248
    -1.29338
    -2.06205
    0.546029
    0.610171
    0.578516
    0.295425
    0.240452
   0.0872542
   -0.460317
   -0.612119
    -1.20677
    -2.13989
    -2.23098
     4.28368
   -0.352865
   -0.191593
   -0.602093
     -1.3587
   -0.295171
   -0.125074
   0.0820417
    0.339234
    0.552225
    0.594824
    0.582273
    0.697209
     -1.4515
    -1.37494
   -0.953824
     4.53801
   -0.821765
   -0.626408
   -0.449127
    0.316107
    0.204665
    0.256405
    0.152259
     0.16446
   -0.469892
   -0.426641
   -0.356653
   -0.248282
   0.0753698
     2.68739
    -1.28338
    -0.30094
   -0.107753
   0.0164377
    0.176608
    0.227929
   0.0475555
    0.071236
    0.179595
    0.197181
    0.472216
    -1.41362
     -0.7336
   -0.125145
    0.136114
    0.248546
    0.435477
    0.471266
     0.50269
    0.450234
    0.428176
    0.447237
  -0.0170601
   -0.107001
   -0.836359
     -1.3942
      4.2059
     -1.8584
   -0.890503
    -0.90372
    0.864698
    0.726633
    0.676146
    0.536839
    0.428844
    0.236139
   -0.171754
   -0.831157
   -0.645965
   -0.882881
   -0.344008
     -0.5761
    -1.02142
    -0.68827
   -0.804327
   -0.981876
  -0.0466873
    0.299119
    0.544494
    0.474006
    0.599233
    0.663617
    0.496748
    0.408162
    -2.00993
     3.64356
    -1.18441
   -0.961216
   -0.647111
   -0.309267
  -0.0498097
    0.322053
    0.381256
     0.42494
    0.245604
    0.111586
    0.394574
    0.428621
     1.20353
     1.06605
    -3.71843
      0.8471
    0.343014
    0.450258
   -0.167315
   -0.198206
   -0.324585
   -0.390338
     0.12027
     0.11233
     0.33698
    0.121476
    0.710256
    0.142537
    0.253024
   -0.110358
   -0.193854
   -0.427345
   -0.499081
   -0.602966
    0.428558
    0.701373
     1.39113
    0.943571
    -0.04192
  -0.0795289
   -0.377887
   -0.516302
   -0.583486
   -0.660639
   -0.610375
   -0.441132
     1.65628
     2.26306
    -5.13786
       1.563
    0.663882
    0.385742
    0.169397
   -0.413389
   -0.368471
   -0.342666
   -0.208644
  -0.0803995
    0.519266
    0.440483
    0.569971
    0.573883
   0.0871448
  -0.0491303
   -0.713157
     -1.0626
    -1.05242
     4.50085
    -1.92057
    -1.88103
     1.00964
     0.75338
    0.685319
    0.567349
     0.59843
    0.324997
   -0.106723
   -0.331331
   -0.766418
    -1.17782
   -0.757688
   -0.799781
   -0.587712
   -0.567948
   -0.519934
   -0.464201
  -0.0762556
    0.171042
    0.100553
    0.614998
   0.0624652
    0.568115
    0.377298
     0.35546
   -0.250054
   -0.247041
   -0.060104
   0.0548269
    0.436692
    0.851478
     1.31619
    -3.37286
  0.00665948
    0.191236
    0.528926
    0.573086
    -4.76941
     2.31008
     2.09357
     1.78868
    0.240786
   -0.410558
   -0.262669
  -0.0462811
  0.00601322
   -0.102931
   -0.420869
   -0.538565
     1.98528
     1.29432
    0.993167
    0.244913
  -0.0713528
   -0.483813
   -0.557181
   -0.372492
    -0.63682
   -0.874764
   -0.775577
   -0.846333
  -0.0510966
   -0.126199
   -0.159718
  -0.0352444
   -0.132824
    0.473291
     1.35207
    -4.71726
    0.919994
    0.974877
    0.783807
    0.539944
   -0.501294
    -0.64282
   -0.522234
   -0.533687
  -0.0481142
    0.126775
    0.492155
    0.756516
    0.298597
    0.346863
-0.000723495
   0.0550027
    0.160124
    0.596917
    0.530085
    0.647856
   0.0224418
  -0.0460295
   -0.626387
    -1.15046
    -1.57908
    -1.74869
    -2.73758
     5.65321
    0.759371
     1.15699
     1.06158
    0.606942
    0.976233
    0.613949
    0.166917
   -0.237282
    -1.04772
    -1.47312
    -1.12405
    -1.70863
    0.785588
    0.843566
    -3.15868
     2.04481
   -0.497219
   -0.368063
   -0.105243
  -0.0138073
   0.0574956
   0.0993956
    0.129214
    0.157058
    0.264054
    0.230391
  -0.0968263
    0.209257
   -0.222119
   -0.038899
   -0.167696
  -0.0756299
  -0.0697351
  -0.0540002
  -0.0226696
 -0.00392163
   0.0378645
  -0.0887037
   -0.279182
   -0.461885
   -0.191895
   -0.635643
   -0.514589
    0.651008
    0.517499
    0.412457
    0.307469
    0.189366
   -0.555031
   -0.685891
   -0.842348
    -1.09062
     3.67984
   -0.951653
   -0.753353
    0.462829
    0.267164
    0.251486
    0.132443
   0.0520695
