   0.0460861
   0.0346555
   0.0249967
   0.0174409
     0.02737
   0.0191166
   0.0256107
   0.0273598
 -0.00945458
    0.075133
   -0.141799
   -0.217249
  -0.0124535
    0.105196
  -0.0324736
  0.00727188
   -0.027287
  -0.0253148
   0.0177232
 -0.00351774
 -0.00366504
   -0.044591
  -0.0753252
   0.0140231
  0.00280048
  0.00838518
  0.00692857
   0.0111435
   0.0110261
  0.00226341
 -0.00839089
   0.0114762
   0.0101892
   0.0129314
  0.00298283
-0.000119254
   0.0120617
  0.00868462
    0.011368
  0.00651258
  0.00686812
 -0.00508162
 -0.00428851
   0.0118502
   0.0127953
   0.0264729
   0.0104653
   0.0109816
  -0.0503293
 -0.00507986
    -1.09525
   -0.594947
   -0.462947
 -0.00464968
  -0.0447613
    0.427617
    0.557194
    0.617928
    0.326193
    0.320824
    -1.13341
   -0.480688
    -1.16009
     4.15719
   -0.960851
   -0.626857
   -0.522565
   -0.130445
    0.206366
    0.206695
    0.208956
    0.224348
   -0.165302
  -0.0740259
      0.6592
   0.0251967
  -0.0855918
   -0.030152
  -0.0479742
  -0.0801855
    -0.14052
  -0.0570434
  -0.0520713
    0.041122
    -1.57165
    0.129573
     1.36982
    0.169332
   0.0233619
    0.133736
   0.0430422
   0.0753041
   0.0351743
    0.136118
    -1.40699
    0.866936
   -0.304867
   -0.308964
   -0.282107
    -0.21384
   -0.212963
   -0.159319
    -0.16167
  -0.0104516
  -0.0240637
    0.490073
    0.368588
    0.762032
   -0.215145
   -0.137493
   -0.342534
   -0.167965
   0.0303824
  -0.0339302
     0.13908
    0.336645
    0.583245
     1.19442
    -4.37413
     2.94458
   -0.291632
   -0.145745
   -0.197855
   -0.157672
    -0.20083
  -0.0269132
   -0.123184
    0.165779
    0.512629
    0.348449
   0.0472353
   0.0460304
   -0.394735
   -0.217704
   -0.368171
   -0.117943
  0.00988382
    0.377734
    0.871477
     1.73613
    -4.22981
    0.958612
    0.517113
    0.849162
    0.176507
  -0.0163468
  -0.0794839
   -0.294137
   -0.779365
    -1.34926
    -2.80056
     1.98317
     1.35543
    0.958419
    0.506283
    0.326595
   -0.195593
   -0.340056
    -0.45699
   -0.731689
    -1.19779
    -1.89346
     2.28204
     1.23036
    0.889468
    0.492921
   0.0822074
   -0.184204
    -1.78131
     4.39662
    -1.86072
   0.0501534
    0.579485
   0.0434178
   -0.141417
   -0.294595
   -0.248947
   -0.257116
   -0.273449
   -0.218459
    -1.60567
    -1.03506
    -1.15066
     0.28143
    0.444879
    0.684515
    0.525072
     0.47424
    0.365812
    0.401957
    0.241711
    0.353205
    0.135602
  -0.0225603
   -0.172596
   -0.452881
   -0.999672
   -0.126841
    0.415328
    0.744026
     1.23212
     1.96238
    -5.29541
     2.50593
   -0.604844
   -0.473662
   -0.660625
    -1.02162
   -0.933302
   -0.616078
   -0.503704
  -0.0885098
    0.509376
    0.691714
     1.70483
     1.90691
  -0.0456124
  -0.0426437
   -0.185817
   -0.161199
   -0.418943
   -0.263234
   -0.294528
    0.236528
    0.224028
    0.355666
    0.290244
    0.287036
  -0.0801815
   -0.111661
   -0.227793
   -0.364696
   -0.593856
     2.53912
    -1.38726
    0.105286
    0.243865
    0.079938
  -0.0670833
   -0.150705
    0.310137
    0.250903
    0.101582
    0.121603
   -0.237666
   -0.766254
    -1.15807
    0.474193
    0.239198
    0.267113
    0.205764
    0.198753
   -0.157852
   -0.186996
   -0.399601
   -0.722865
    -1.00683
     3.19242
   -0.132311
    -0.40553
 -0.00241679
    0.019334
   -0.090979
  -0.0993881
    0.131443
   0.0821717
  -0.0926371
   -0.388225
   -0.909625
  -0.0749367
    0.535273
     1.00846
     1.50076
    -5.20955
     1.61534
      1.8206
   -0.636577
   -0.450085
   -0.784946
   -0.782734
   -0.711535
   -0.549558
   -0.115333
    0.245476
    0.556828
     1.16713
    0.787384
      1.2667
    0.258652
    0.176985
   -0.448211
    0.103041
    0.179129
   0.0768881
   0.0152157
   0.0132422
   0.0443659
  -0.0720142
   -0.121558
   -0.226759
     1.60689
   -0.158243
     -1.0649
   -0.143508
   -0.118839
   -0.252158
   -0.232389
   -0.311596
   -0.294168
   -0.434736
   -0.274932
     1.65666
    0.773987
    0.937771
     1.81374
    -3.72295
   0.0214018
   -0.132521
    0.034091
   0.0757164
   0.0475482
    0.062135
   0.0184843
   0.0500626
    0.323208
    0.288458
    0.274119
    0.631271
   -0.523786
    0.039077
   -0.116592
   -0.201496
   -0.171413
   -0.197029
   -0.172752
   -0.161567
  -0.0830112
   0.0546061
  -0.0915039
   -0.224339
    -0.12584
     3.88988
    -1.91363
   -0.472724
   -0.322132
   -0.294585
   -0.222844
   -0.200416
    0.268988
    0.224659
    0.279689
  -0.0217949
   -0.143864
   -0.453294
   -0.169071
   0.0940785
   0.0435196
   -0.053509
   -0.026218
  -0.0530795
   -0.132254
  -0.0793451
    0.112615
    0.350775
    0.869767
   0.0452858
   -0.590141
    -1.30737
     4.84816
    -1.64536
    -1.26953
    -1.18221
    0.475751
    0.500586
    0.800826
    0.746756
    0.699086
    0.628293
   -0.287262
    -0.68841
   -0.915788
   -0.941341
   -0.562473
   -0.445197
   -0.171486
  -0.0530877
    0.831928
    0.178147
   0.0453457
   0.0298281
  -0.0315486
   -0.124472
   -0.193499
   -0.199462
    -0.18409
   -0.146953
     -1.8697
   0.0847498
      1.5179
    0.155224
   -0.122154
  -0.0279686
   -0.129808
   -0.188432
   -0.260071
   -0.253206
    0.694821
     0.40376
   -0.157031
  -0.0962456
   -0.145838
  -0.0500872
   -0.141339
    0.236194
  -0.0407985
    0.154034
  -0.0605621
   0.0983421
   0.0418283
     0.12899
   -0.182197
     -0.1457
   -0.122372
   0.0673534
    0.344202
    0.656329
     2.33748
     -3.0824
   -0.316329
  -0.0598368
    0.168075
    0.331871
    -1.01709
    -1.06798
      3.5541
    0.808666
    0.530855
    0.118515
   -0.268932
   -0.431895
   -0.514083
   -0.549568
   -0.581157
   -0.596586
   -0.382093
   -0.363721
    -3.66474
      1.5053
     1.13446
    0.788518
    0.397287
    0.279908
     0.10669
   0.0886458
   0.0330851
   0.0580968
   -0.378688
   -0.221498
   -0.274127
   -0.248488
   -0.314656
   -0.217828
   -0.183123
   -0.138583
  -0.0483426
    0.643916
    0.629434
    0.738848
   -0.493195
   -0.339063
   -0.262355
   -0.128744
   -0.114275
    0.242187
    0.522463
     1.02559
    0.727384
    -4.17662
     1.04868
     1.92147
   -0.517071
   -0.459319
   -0.909906
  -0.0791437
   0.0299529
   0.0806543
   0.0713265
     0.21315
    0.299197
    0.416668
    0.320677
    0.475257
    -2.71848
     5.11221
    -2.28036
   -0.833297
   -0.233873
   -0.168361
   0.0244351
   0.0435253
    0.247375
     0.11189
    0.310018
     0.32152
    -5.50696
     1.64225
     1.74882
    0.157947
   -0.499157
  -0.0658122
    0.251553
    0.473084
    0.499625
    0.507235
    0.409209
    0.380174
     2.92172
    0.684979
    0.850468
   -0.501968
   -0.824209
   -0.843749
   -0.567754
   -0.473376
   -0.253044
   -0.287266
   -0.284566
   -0.411767
     0.27394
    0.151576
   0.0634415
   -0.207642
    -0.69525
   0.0155403
    0.797526
    -5.12292
     1.51266
      1.3004
    0.976645
    0.912165
   -0.464656
   -0.515414
   -0.760296
   -0.760838
   -0.623811
   -0.303993
    0.958662
     1.26232
    0.650769
    0.562217
   0.0452846
  -0.0667716
   -0.351148
   -0.231375
  -0.0645001
    0.290531
    0.818677
  -0.0673172
   -0.595996
   -0.798286
    -1.30297
    -1.66965
    -1.98451
     6.04319
     0.72996
    0.320685
    0.570888
     1.03784
     1.04152
    0.620464
    0.647585
    0.296176
   -0.375897
   -0.532515
    -1.10564
    -3.13564
    0.259926
    0.155914
   -0.758746
    0.061781
   -0.173684
    0.141467
    0.237084
    0.147072
   0.0604779
-0.000583101
  -0.0377943
  -0.0868688
    0.932895
    0.353865
    -1.02632
    0.581787
   -0.220481
   0.0793499
    0.113228
   0.0375486
    -0.05023
   -0.107797
   -0.295004
   -0.414699
    0.125276
    0.301154
    -0.45639
   -0.836044
    -1.10528
   -0.264193
   -0.432762
    0.619792
    0.629485
    0.701224
    0.407791
    0.300827
    -0.53189
    -0.44109
   -0.783537
    -1.17111
     4.68381
   -0.918143
   -0.844489
   -0.165766
    0.124492
  0.00297003
    0.114898
  -0.0560922
