   -0.123122
   0.0229132
  -0.0229024
   0.0228636
    0.120952
   0.0394761
  -0.0287003
    -0.14422
   0.0894057
  -0.0465808
   0.0370523
   -0.035224
    0.161006
   0.0159143
    0.111636
   -0.112122
  -0.0390765
   0.0109923
   -0.163412
  -0.0161568
  -0.0300987
  -0.0537258
  -0.0148897
   0.0528213
    0.006965
-0.000931303
  0.00738946
  0.00601134
 -0.00132289
   0.0154161
  0.00740503
   0.0159952
 -0.00719396
   0.0245654
   0.0088881
   0.0137382
   0.0142297
   0.0129276
   0.0109675
 -0.00585501
   0.0139523
  0.00764341
   0.0047687
   0.0156705
   0.0117601
   0.0190299
  0.00300239
  0.00684919
    0.129821
    0.154085
     0.26734
    0.274283
    0.206451
   0.0974976
    -1.89079
   -0.276267
     0.46345
    0.539003
   0.0420002
  -0.0388969
   -0.232797
   -0.205608
   -0.137412
  -0.0947669
   -0.154761
   0.0642492
   -0.160182
    0.761397
    0.434354
   0.0825866
   -0.115119
   -0.207322
  -0.0888912
   -0.340546
   -0.617882
    -1.16998
    -1.11143
     3.94891
   -0.542221
   -0.634941
  -0.0835472
    0.154611
    0.192224
    0.214528
    0.501531
    0.298762
    0.309891
   -0.037625
   -0.366613
   -0.555772
    -1.19913
  -0.0330222
   0.0713806
    0.275693
    0.295604
    0.372562
   0.0364849
   0.0462378
     0.12641
    0.182266
     0.36697
    0.592562
    -2.14059
     2.42977
   -0.616421
   -0.455799
   -0.307268
   -0.230249
    0.268382
    0.278354
     0.31974
    0.336241
    0.331035
    0.615838
   -0.923186
   -0.290183
   -0.386943
   -0.285849
   -0.142742
  -0.0666145
   -0.130519
   -0.187566
   -0.220383
   -0.216649
   -0.170652
  -0.0407121
    0.258026
    0.321448
     1.04487
    -4.51081
     1.44231
     2.39791
   -0.521353
   -0.585389
   -0.453378
   -0.451627
   -0.438234
   -0.333645
   -0.226883
    0.239156
    0.604886
    0.965014
    0.369857
    0.772357
    0.906584
     1.03341
     1.40006
    -2.47907
    -1.04163
   -0.764118
   -0.249888
   -0.134847
   0.0670705
    0.249298
     0.42182
    0.521656
    0.385748
    0.463876
    0.814168
     2.13595
    -1.41474
   -0.941702
   -0.572323
   -0.439403
   -0.340569
   -0.187046
  -0.0602862
   0.0594057
     1.56666
    0.828145
    0.469312
    0.282213
   -0.112556
   -0.166909
   -0.489384
   -0.614866
   -0.394846
   -0.506724
   -0.352034
   -0.464786
    -3.78994
      1.9902
     1.17055
     1.28649
    0.432789
   -0.038834
   -0.244559
   -0.111501
   -0.168451
   -0.153841
   -0.204007
   -0.126194
     0.77076
    0.895232
    0.453281
    0.578711
  -0.0303624
   -0.288562
   -0.457554
   -0.544862
   -0.361798
   -0.361707
   -0.301791
   -0.386228
     1.55047
    -3.59476
     1.15577
     1.40879
    0.476748
  -0.0344335
   -0.264752
  -0.0901151
    -0.10557
   -0.138929
   -0.188553
    -0.14658
   -0.538014
   -0.501485
   -0.514945
   -0.709876
    -0.38676
   -0.155099
    0.920002
     1.23115
    0.482081
    0.216079
   0.0305426
 -0.00815111
   -0.130539
   -0.194281
   -0.139067
   -0.167216
   -0.140951
   0.0562265
     1.06335
    -4.06651
     1.35791
     1.07931
    0.813432
    0.535578
    0.644972
    0.669426
    0.652491
    0.820264
    0.454894
    0.231815
    -0.53923
   -0.539859
   -0.775443
    -0.46996
   -0.486529
   -0.725638
    0.238729
    0.341069
    0.291792
    0.354357
   0.0860825
   -0.142493
   -0.804601
    -1.33072
     4.22422
    -1.19278
    -1.02405
    -1.11064
   -0.763162
   -0.702608
   -0.673107
   -0.994537
   -0.650399
   -0.388969
    -0.18512
   -0.140345
     0.27858
     0.82923
      1.2657
     2.19766
   -0.202265
   -0.266159
   -0.236558
     -0.4626
   -0.270825
 -0.00192836
    0.261507
    0.433384
     1.02769
     2.03822
     -4.6198
     2.34947
    -2.13661
     4.13429
    -1.61559
     -1.2514
   -0.498275
    0.101939
    0.199452
    0.409454
    0.223291
    0.137698
    0.178267
   0.0604047
    -0.82415
   -0.942973
   -0.732232
    -1.01954
  -0.0354397
    0.468352
    0.578795
    0.601149
    0.488269
    0.565594
    0.482398
    0.357761
     1.35387
     1.69425
    -4.71736
     1.84607
    0.305848
    -0.14452
   -0.130319
   -0.200741
   -0.103132
   0.0573235
  -0.0549603
    0.082602
    0.421311
     0.50912
      1.2824
     1.34882
   -0.151698
   -0.457065
   -0.491772
   -0.562176
   -0.489084
   -0.492232
   -0.539458
   -0.404114
   -0.289627
   -0.266885
   -0.341366
   -0.401781
   -0.649008
    -1.06263
     2.80807
    0.322402
     0.43974
    0.183361
    -0.27357
    -0.44819
    0.165373
    0.138254
   0.0537069
    0.028055
   -0.267843
   -0.731138
    -3.09767
     1.64819
    0.970538
    0.679528
    0.317972
    0.101571
    0.586439
    0.630144
     0.17766
    -1.91778
    0.278308
    0.427614
    0.373256
    0.187426
   0.0148539
  -0.0515307
   -0.266252
   -0.392767
   -0.396755
    -0.69396
   -0.305941
    0.423102
    0.557339
    0.357619
    0.272215
      0.1527
   0.0863044
  0.00120975
   -0.157242
   -0.254705
   -0.412811
    -0.40347
   -0.346799
    -0.32666
   -0.161191
  -0.0480862
    0.092569
    0.174647
   -0.171038
    0.653069
    0.327005
    0.672401
  -0.0816617
  -0.0564169
  -0.0163791
   0.0291141
    0.136656
    0.323934
    0.519602
    0.752539
     1.34474
    -2.74129
   -0.349858
    0.159336
    0.738338
    0.723514
    0.714113
    0.943739
    0.611458
    0.354391
    0.352512
    0.255399
  -0.0610434
   -0.339605
   -0.807316
    -3.55506
  -0.0177502
  0.00935672
   0.0436572
    0.180763
   0.0176634
   -0.197994
   -0.432828
   -0.669258
   -0.914494
    -1.50742
    -1.82996
      5.1958
   -0.372883
   -0.337372
    -0.46749
   -0.754809
   -0.453929
   -0.225361
    0.160564
   0.0737992
    0.319249
    0.431738
    0.561702
     1.08725
  -0.0682748
   -0.147726
   -0.197685
   -0.313798
   -0.093333
  -0.0393388
    0.234075
    0.391955
    0.703317
    -3.73978
     1.68459
     1.63171
    0.414319
    0.218186
  -0.0350179
   -0.903203
   -0.402762
   -0.428329
    -0.22139
   -0.106062
    0.145389
    0.309096
    0.411342
    0.563259
 0.000541401
    0.060354
   -0.371923
   -0.791959
     3.41652
   -0.980287
    -1.00945
   -0.534128
   -0.140592
   0.0610448
   0.0511311
    0.158835
  -0.0582191
  -0.0567223
  -0.0325055
   -0.157431
  -0.0916632
  -0.0891841
   0.0329477
  -0.0148728
    0.617558
     1.08658
    -4.93652
     3.68874
   -0.457674
   -0.430291
   -0.306322
   -0.319139
   -0.370911
   -0.364101
   -0.265833
   -0.150437
   0.0664291
    0.568053
    0.903603
     1.16163
  -0.0555184
  -0.0805188
  -0.0449196
  -0.0707432
   -0.104506
  -0.0753161
    0.801026
    0.716602
    -4.08398
    0.944261
    0.777121
     1.34095
   -0.526384
   -0.484207
    -0.41499
   -0.347816
   -0.351811
   -0.280442
 -0.00207193
     0.32704
    0.781099
    0.825912
    0.250855
     0.28664
    0.217632
    0.424361
     0.38465
    0.579547
   -0.178568
   0.0552633
   -0.259116
   -0.277294
   -0.197488
   -0.260325
   -0.236604
   -0.204766
     1.01356
     1.27274
    -3.48355
     1.97813
    0.222683
   -0.315584
  -0.0918716
   -0.067439
  -0.0938773
  -0.0849075
   -0.198263
  -0.0993438
    0.437362
    0.564889
     1.01688
     2.45941
    -4.89874
    0.626868
    0.291121
    0.297362
  0.00840736
   -0.117414
   -0.264217
    -0.28717
   -0.154383
    -0.16832
    0.292063
    0.308609
     1.06954
    0.289973
     0.43743
   -0.216082
   -0.318989
   -0.430145
   -0.475691
   -0.539771
    0.346429
    0.249325
    0.176911
   -0.129941
   -0.223096
   -0.834625
   -0.039316
   -0.534249
   0.0293211
    0.202611
    0.260334
    0.424446
  -0.0242984
-0.000212617
   -0.451602
   -0.233174
   -0.607762
     4.23933
    -1.94516
   -0.786278
   -0.330759
  -0.0847997
   0.0558986
    0.120343
     3.86651
    -2.09648
    -1.65831
    -1.17304
   -0.528805
    -0.05952
    0.267061
     0.49375
    0.315998
    0.262134
    0.231341
    0.111902
    -1.40969
   -0.847392
   -0.824337
   -0.814225
   -0.149289
    0.469772
    0.678138
     0.68636
    0.630042
    0.635326
    0.524108
     0.43977
