0   -0.529247
1   -0.544472
2   -0.567948
3   -0.563635
4   -0.540338
5   -0.529149
6   -0.542081
7   -0.551499
8   -0.550789
9   -0.549113
10   -0.543848
11   -0.557223
12   -0.566726
13   -0.54213
14   -0.528834
15   -0.537129
16   -0.541959
17   -0.551483
18   -0.556432
19   -0.553034
20   -0.543843
21   -0.557527
22   -0.558126
23   -0.553883
24   -0.570033
25   -0.563558
26   -0.568804
27   -0.544804
28   -0.572079
29   -0.571363
30   -0.56332
31   -0.560884
32   -0.569068
33   -0.563855
34   -0.562428
35   -0.565373
36   -0.564112
37   -0.553987
38   -0.57289
39   -0.585432
40   -0.571686
41   -0.58178
42   -0.601533
43   -0.597431
44   -0.58745
45   -0.576643
46   -0.579467
47   -0.571858
48   -0.585174
49   -0.578945
50   -0.587853
51   -0.598307
52   -0.585082
53   -0.59986
54   -0.563887
55   -0.567325
56   -0.577123
57   -0.585676
58   -0.565381
59   -0.576913
60   -0.584448
61   -0.593937
62   -0.585588
63   -0.576975
64   -0.585995
65   -0.581725
66   -0.580234
67   -0.60096
68   -0.584649
69   -0.601018
70   -0.60355
71   -0.594275
72   -0.582152
73   -0.593528
74   -0.586179
75   -0.591067
76   -0.583918
77   -0.579465
78   -0.607896
79   -0.614136
80   -0.599257
81   -0.592052
82   -0.596359
83   -0.591417
84   -0.592664
85   -0.595474
86   -0.620802
87   -0.593458
88   -0.591582
89   -0.610926
90   -0.592988
91   -0.595815
92   -0.600748
93   -0.58975
94   -0.590733
95   -0.575566
96   -0.601088
97   -0.585128
98   -0.603929
99   -0.607991
100   -0.612743
101   -0.602533
102   -0.604482
103   -0.595114
104   -0.617974
105   -0.598382
106   -0.614618
107   -0.589318
108   -0.601097
109   -0.58378
110   -0.591435
111   -0.596095
112   -0.615643
113   -0.579001
114   -0.635925
115   -0.606748
116   -0.619859
117   -0.604264
118   -0.61712
119   -0.643827
120   -0.623963
121   -0.599484
122   -0.604122
123   -0.608859
124   -0.619636
125   -0.621503
126   -0.604131
127   -0.599769
128   -0.595848
129   -0.619896
130   -0.610183
131   -0.619553
132   -0.606639
133   -0.612357
134   -0.614709
135   -0.623347
136   -0.610125
137   -0.608042
138   -0.626663
139   -0.607432
140   -0.626249
141   -0.625684
142   -0.629491
143   -0.606717
144   -0.610542
145   -0.635628
146   -0.603996
147   -0.603501
148   -0.605163
149   -0.611933
150   -0.612328
151   -0.609148
152   -0.616388
153   -0.643727
154   -0.605766
155   -0.638085
156   -0.637503
157   -0.630763
158   -0.619783
159   -0.636259
160   -0.600697
161   -0.624556
162   -0.612175
163   -0.638827
164   -0.631244
165   -0.627882
166   -0.644536
167   -0.62008
168   -0.640511
169   -0.638328
170   -0.626195
171   -0.643962
172   -0.634507
173   -0.638558
174   -0.641756
175   -0.634241
176   -0.634707
177   -0.635157
178   -0.627071
179   -0.622521
180   -0.629993
181   -0.632535
182   -0.651471
183   -0.624658
184   -0.644373
185   -0.642163
186   -0.633427
187   -0.630174
188   -0.636077
189   -0.647801
190   -0.650487
191   -0.649078
192   -0.625961
193   -0.618695
194   -0.635186
195   -0.6356
196   -0.638618
197   -0.620566
198   -0.644891
199   -0.634568
200   -0.618719
201   -0.668001
202   -0.655267
203   -0.646669
204   -0.631901
205   -0.643857
206   -0.639033
207   -0.650709
208   -0.637819
209   -0.639549
210   -0.642439
211   -0.630965
212   -0.642189
213   -0.663283
214   -0.638882
215   -0.644143
216   -0.654755
217   -0.644895
218   -0.647579
219   -0.650845
220   -0.652006
221   -0.650373
222   -0.621325
223   -0.645087
224   -0.639802
225   -0.676873
226   -0.659518
227   -0.657576
228   -0.657386
229   -0.654388
230   -0.654573
231   -0.650159
232   -0.644326
233   -0.657212
234   -0.664424
235   -0.662353
236   -0.646893
237   -0.658465
238   -0.645549
239   -0.668382
240   -0.646998
241   -0.639857
242   -0.651685
243   -0.655723
244   -0.657608
245   -0.672825
246   -0.67099
247   -0.65975
248   -0.661203
249   -0.662221
250   -0.649818
251   -0.655837
252   -0.671734
253   -0.642184
254   -0.644077
255   -0.651722
256   -0.654735
257   -0.66614
258   -0.666738
259   -0.644046
260   -0.668942
261   -0.661799
262   -0.671178
263   -0.664305
264   -0.665958
265   -0.651162
266   -0.65617
267   -0.657121
268   -0.651548
269   -0.677077
270   -0.667719
271   -0.639985
272   -0.670334
273   -0.658857
274   -0.654953
275   -0.662328
276   -0.65618
277   -0.646687
278   -0.664412
279   -0.660267
280   -0.670678
281   -0.659766
282   -0.660844
283   -0.663859
284   -0.659684
285   -0.691054
286   -0.674847
287   -0.673318
288   -0.662446
289   -0.671563
290   -0.655296
291   -0.666421
292   -0.671729
293   -0.672985
294   -0.658113
295   -0.682674
296   -0.668956
297   -0.663218
298   -0.671955
299   -0.661028
300   -0.660181
301   -0.65389
302   -0.677179
303   -0.657978
304   -0.660567
305   -0.660602
306   -0.666808
307   -0.66187
308   -0.682789
309   -0.66825
310   -0.675237
311   -0.675403
312   -0.675869
313   -0.663601
314   -0.660286
315   -0.673984
316   -0.660548
317   -0.661763
318   -0.684563
319   -0.676398
320   -0.671657
321   -0.658257
322   -0.673079
323   -0.682358
324   -0.677063
325   -0.691801
326   -0.671739
327   -0.668117
328   -0.693042
329   -0.67445
330   -0.672575
331   -0.682354
332   -0.680243
333   -0.65894
334   -0.699134
335   -0.68094
336   -0.67298
337   -0.676127
338   -0.680854
339   -0.674141
340   -0.695294
341   -0.673177
342   -0.673467
343   -0.682062
344   -0.698527
345   -0.669789
346   -0.69719
347   -0.684957
348   -0.673377
349   -0.6634
350   -0.689149
351   -0.680796
352   -0.685783
353   -0.688922
354   -0.687597
355   -0.675189
356   -0.69499
357   -0.681453
358   -0.691608
359   -0.691477
360   -0.696999
361   -0.680976
362   -0.689653
363   -0.66712
364   -0.682437
365   -0.672416
366   -0.687374
367   -0.67555
368   -0.695502
369   -0.681094
370   -0.680073
371   -0.697061
372   -0.68531
373   -0.685602
374   -0.690891
375   -0.678067
376   -0.691847
377   -0.675097
378   -0.688139
379   -0.677286
380   -0.700413
381   -0.691967
382   -0.685038
383   -0.706878
384   -0.674367
385   -0.675969
386   -0.692821
387   -0.696278
388   -0.692051
389   -0.696108
390   -0.7093
391   -0.676595
392   -0.673648
393   -0.705909
394   -0.686223
395   -0.702353
396   -0.681978
397   -0.683045
398   -0.678788
399   -0.681119
400   -0.699186
401   -0.69845
402   -0.702123
403   -0.66483
404   -0.705027
405   -0.68116
406   -0.696638
407   -0.698237
408   -0.71333
409   -0.695028
410   -0.698825
411   -0.696577
412   -0.700246
413   -0.700101
414   -0.712212
415   -0.703741
416   -0.686014
417   -0.701079
418   -0.683652
419   -0.690089
420   -0.685939
421   -0.697364
422   -0.704685
423   -0.702951
424   -0.690541
425   -0.68881
426   -0.687311
427   -0.679227
428   -0.688559
429   -0.695635
430   -0.700856
431   -0.715144
432   -0.687769
433   -0.715008
434   -0.697183
435   -0.689051
436   -0.687643
437   -0.694129
438   -0.709837
439   -0.706191
440   -0.700708
441   -0.695384
442   -0.697303
443   -0.679629
444   -0.724783
445   -0.713103
446   -0.69995
447   -0.708076
448   -0.706011
449   -0.704051
450   -0.715239
451   -0.70147
452   -0.69946
453   -0.706923
454   -0.702651
455   -0.693125
456   -0.707607
457   -0.710402
458   -0.705904
459   -0.707536
460   -0.701197
461   -0.704309
462   -0.711142
463   -0.702695
464   -0.681492
465   -0.693742
466   -0.689337
467   -0.716731
468   -0.699676
469   -0.707546
470   -0.71399
471   -0.687554
472   -0.697309
473   -0.703439
474   -0.712179
475   -0.712283
476   -0.7117
477   -0.703289
478   -0.706326
479   -0.694935
480   -0.693986
481   -0.704412
482   -0.694179
483   -0.695964
484   -0.707891
485   -0.695507
486   -0.708219
487   -0.686361
488   -0.714024
489   -0.712886
490   -0.707164
491   -0.705423
492   -0.723595
493   -0.705372
494   -0.706656
495   -0.702443
496   -0.697821
497   -0.719991
498   -0.706789
499   -0.723852
500   -0.704779
501   -0.716714
502   -0.718139
503   -0.72229
504   -0.701154
505   -0.696957
506   -0.704213
507   -0.703587
508   -0.696256
509   -0.71735
510   -0.706099
511   -0.702138
512   -0.715201
513   -0.731348
514   -0.722891
515   -0.704126
516   -0.707447
517   -0.700223
518   -0.702814
519   -0.725038
520   -0.718783
521   -0.701754
522   -0.700458
523   -0.710858
524   -0.701723
525   -0.722656
526   -0.718792
527   -0.731048
528   -0.704322
529   -0.711613
530   -0.72268
531   -0.723762
532   -0.723406
533   -0.691631
534   -0.725111
535   -0.724958
536   -0.710467
537   -0.715108
538   -0.730306
539   -0.702678
540   -0.716898
541   -0.704225
542   -0.72603
543   -0.69734
544   -0.696284
545   -0.711167
546   -0.709922
547   -0.704454
548   -0.703013
549   -0.702658
550   -0.709345
551   -0.714029
552   -0.70871
553   -0.709168
554   -0.707458
555   -0.725396
556   -0.719653
557   -0.69743
558   -0.736013
559   -0.728948
560   -0.705093
561   -0.730027
562   -0.731223
563   -0.721958
564   -0.713202
565   -0.706525
566   -0.742769
567   -0.734679
568   -0.715299
569   -0.728021
570   -0.703835
571   -0.739512
572   -0.730629
573   -0.707066
574   -0.715247
575   -0.704654
576   -0.737555
577   -0.707187
578   -0.709607
579   -0.729793
580   -0.714594
581   -0.739117
582   -0.725049
583   -0.730727
584   -0.714292
585   -0.718725
586   -0.728082
587   -0.711879
588   -0.730191
589   -0.733799
590   -0.733021
591   -0.71648
592   -0.7216
593   -0.723441
594   -0.709352
595   -0.729014
596   -0.711836
597   -0.730645
598   -0.737863
599   -0.727122
600   -0.722724
601   -0.711031
602   -0.713475
603   -0.709665
604   -0.724344
605   -0.726598
606   -0.733007
607   -0.747625
608   -0.732728
609   -0.71592
610   -0.721724
611   -0.719013
612   -0.732034
613   -0.730917
614   -0.718227
615   -0.741123
616   -0.723872
617   -0.717712
618   -0.70244
619   -0.709622
620   -0.721813
621   -0.721288
622   -0.747385
623   -0.721195
624   -0.730229
625   -0.726447
626   -0.724431
627   -0.735649
628   -0.723439
629   -0.72471
630   -0.738429
631   -0.739627
632   -0.73509
633   -0.712446
634   -0.744901
635   -0.714985
636   -0.717753
637   -0.735301
638   -0.721996
639   -0.71939
640   -0.729565
641   -0.715453
642   -0.720918
643   -0.717988
644   -0.729119
645   -0.727365
646   -0.735742
647   -0.722914
648   -0.724406
649   -0.721642
650   -0.721898
651   -0.734898
652   -0.718473
653   -0.731224
654   -0.734624
655   -0.722662
656   -0.703909
657   -0.712155
658   -0.723067
659   -0.7249
660   -0.721436
661   -0.73476
662   -0.726494
663   -0.739333
664   -0.699353
665   -0.731239
666   -0.724076
667   -0.721303
668   -0.71563
669   -0.722683
670   -0.736304
671   -0.731978
672   -0.716773
673   -0.708696
674   -0.721744
675   -0.7179
676   -0.731091
677   -0.726069
678   -0.746754
679   -0.726265
680   -0.730012
681   -0.759792
682   -0.722474
683   -0.728567
684   -0.729211
685   -0.742981
686   -0.706834
687   -0.745622
688   -0.748408
689   -0.731791
690   -0.74382
691   -0.734151
692   -0.740986
693   -0.727011
694   -0.725295
695   -0.733537
696   -0.722588
697   -0.748865
698   -0.741611
699   -0.722647
700   -0.747923
701   -0.730879
702   -0.726224
703   -0.714097
704   -0.711572
705   -0.745128
706   -0.721
707   -0.738838
708   -0.729543
709   -0.737316
710   -0.72384
711   -0.729454
712   -0.735261
713   -0.737117
714   -0.741191
715   -0.731689
716   -0.730891
717   -0.748023
718   -0.730608
719   -0.736164
720   -0.733708
721   -0.726264
722   -0.718111
723   -0.744876
724   -0.715442
725   -0.732411
726   -0.731991
727   -0.745023
728   -0.736606
729   -0.735002
730   -0.723321
731   -0.72818
732   -0.717694
733   -0.714603
734   -0.717477
735   -0.72937
736   -0.719584
737   -0.73825
738   -0.730032
739   -0.735262
740   -0.722028
741   -0.740304
742   -0.737124
743   -0.732357
744   -0.726617
745   -0.745509
746   -0.733895
747   -0.735926
748   -0.726378
749   -0.718062
750   -0.751577
751   -0.74848
752   -0.731279
753   -0.739074
754   -0.721603
755   -0.718643
756   -0.729527
757   -0.714671
758   -0.719059
759   -0.737712
760   -0.728231
761   -0.724326
762   -0.719308
763   -0.73183
764   -0.735226
765   -0.752315
766   -0.749202
767   -0.721897
768   -0.740889
769   -0.738399
770   -0.742851
771   -0.740753
772   -0.737626
773   -0.736154
774   -0.733061
775   -0.719593
776   -0.720606
777   -0.746364
778   -0.723556
779   -0.721712
780   -0.737301
781   -0.727237
782   -0.726396
783   -0.72674
784   -0.718407
785   -0.722366
786   -0.742706
787   -0.751401
788   -0.739294
789   -0.725518
790   -0.732718
791   -0.736013
792   -0.738253
793   -0.740305
794   -0.738144
795   -0.73557
796   -0.729981
797   -0.724236
798   -0.740239
799   -0.723138
800   -0.721627
801   -0.73196
802   -0.740188
803   -0.736136
804   -0.722804
805   -0.752754
806   -0.712874
807   -0.735911
808   -0.724443
809   -0.717608
810   -0.719069
811   -0.723872
812   -0.730081
813   -0.73102
814   -0.725875
815   -0.727408
816   -0.743687
817   -0.739319
818   -0.731229
819   -0.736423
820   -0.713566
821   -0.734498
822   -0.73751
823   -0.752682
824   -0.707457
825   -0.719542
826   -0.735919
827   -0.723256
828   -0.739209
829   -0.737051
830   -0.745487
831   -0.731646
832   -0.729748
833   -0.718147
834   -0.743985
835   -0.707116
836   -0.712968
837   -0.719087
838   -0.715055
839   -0.734779
840   -0.724437
841   -0.718785
842   -0.740454
843   -0.735559
844   -0.727725
845   -0.719336
846   -0.716966
847   -0.735098
848   -0.736508
849   -0.716131
850   -0.708771
851   -0.732707
852   -0.715491
853   -0.744123
854   -0.716782
855   -0.718877
856   -0.721442
857   -0.712912
858   -0.71188
859   -0.7384
860   -0.735122
861   -0.742074
862   -0.736121
863   -0.731571
864   -0.727164
865   -0.734805
866   -0.728573
867   -0.732201
868   -0.725867
869   -0.715118
870   -0.727995
871   -0.733291
872   -0.712835
873   -0.72663
874   -0.733712
875   -0.750997
876   -0.724392
877   -0.744857
878   -0.726716
879   -0.73256
880   -0.753227
881   -0.730687
882   -0.743193
883   -0.730966
884   -0.713811
885   -0.745301
886   -0.736577
887   -0.752128
888   -0.736945
889   -0.721714
890   -0.730928
891   -0.744924
892   -0.744079
893   -0.73634
894   -0.740619
895   -0.739915
896   -0.721518
897   -0.717681
898   -0.731779
899   -0.722759
900   -0.714271
901   -0.723397
902   -0.744669
903   -0.737439
904   -0.717762
905   -0.720221
906   -0.726752
907   -0.72277
908   -0.721036
909   -0.723173
910   -0.730361
911   -0.733817
912   -0.728192
913   -0.718877
914   -0.733545
915   -0.741577
916   -0.715334
917   -0.73693
918   -0.730308
919   -0.72278
920   -0.739623
921   -0.736418
922   -0.733657
923   -0.718455
924   -0.744567
925   -0.726649
926   -0.71961
927   -0.721377
928   -0.724826
929   -0.73693
930   -0.727009
931   -0.727901
932   -0.713715
933   -0.717591
934   -0.736418
935   -0.718774
936   -0.719267
937   -0.710967
938   -0.74195
939   -0.740958
940   -0.726864
941   -0.734573
942   -0.735089
943   -0.7355
944   -0.719045
945   -0.745501
946   -0.735984
947   -0.728986
948   -0.74361
949   -0.725746
950   -0.70922
951   -0.74143
952   -0.739167
953   -0.730469
954   -0.732142
955   -0.733761
956   -0.727858
957   -0.741339
958   -0.736189
959   -0.74051
960   -0.739584
961   -0.722782
962   -0.739022
963   -0.720071
964   -0.741908
965   -0.715403
966   -0.730378
967   -0.742692
968   -0.727625
969   -0.729572
970   -0.739988
971   -0.727214
972   -0.721361
973   -0.711269
974   -0.750654
975   -0.755231
976   -0.73721
977   -0.740444
978   -0.737327
979   -0.716799
980   -0.740792
981   -0.734934
982   -0.738667
983   -0.747616
984   -0.73906
985   -0.716878
986   -0.727769
987   -0.748945
988   -0.735894
989   -0.723924
990   -0.739473
991   -0.734632
992   -0.746701
993   -0.746997
994   -0.712802
995   -0.72856
996   -0.728028
997   -0.733262
998   -0.715301
999   -0.73954
