0   -0.159652
1   -0.121157
2   -0.26623
3   -0.359552
4   -0.42034
5   -0.460817
6   -0.48994
7   -0.498724
8   -0.519314
9   -0.533245
10   -0.543268
11   -0.554753
12   -0.560378
13   -0.55968
14   -0.56116
15   -0.563053
16   -0.571627
17   -0.572522
18   -0.573549
19   -0.576155
20   -0.575363
21   -0.576735
22   -0.57956
23   -0.575297
24   -0.578644
25   -0.579209
26   -0.579972
27   -0.578048
28   -0.579418
29   -0.58078
30   -0.583315
31   -0.581849
32   -0.581163
33   -0.585788
34   -0.583268
35   -0.581758
36   -0.58425
37   -0.58272
38   -0.586953
39   -0.583728
40   -0.582871
41   -0.585103
42   -0.584891
43   -0.586587
44   -0.584004
45   -0.58608
46   -0.583466
47   -0.585228
48   -0.58857
49   -0.585793
50   -0.585677
51   -0.583261
52   -0.586136
53   -0.588524
54   -0.58439
55   -0.585674
56   -0.588075
57   -0.58722
58   -0.584532
59   -0.587396
60   -0.587063
61   -0.586486
62   -0.587142
63   -0.588306
64   -0.588
65   -0.586698
66   -0.587963
67   -0.590647
68   -0.589219
69   -0.58746
70   -0.5914
71   -0.588613
72   -0.587624
73   -0.59073
74   -0.587102
75   -0.587478
76   -0.589962
77   -0.586811
78   -0.588107
79   -0.590008
80   -0.590068
81   -0.590307
82   -0.587418
83   -0.588053
84   -0.588865
85   -0.587448
86   -0.589392
87   -0.590748
88   -0.591764
89   -0.58779
90   -0.589863
91   -0.589888
92   -0.589549
93   -0.589576
94   -0.588586
95   -0.588942
96   -0.590841
97   -0.589486
98   -0.589401
99   -0.589624
100   -0.589519
101   -0.589654
102   -0.589464
103   -0.591442
104   -0.589473
105   -0.588018
106   -0.588475
107   -0.587462
108   -0.589904
109   -0.588144
110   -0.589998
111   -0.589686
112   -0.591346
113   -0.589079
114   -0.589395
115   -0.589444
116   -0.589223
117   -0.588918
118   -0.589399
119   -0.589456
120   -0.587413
121   -0.588495
122   -0.588342
123   -0.588648
124   -0.588324
125   -0.588272
126   -0.58883
127   -0.589808
128   -0.588351
129   -0.588569
130   -0.58852
131   -0.588704
132   -0.590092
133   -0.590541
134   -0.589132
135   -0.588997
136   -0.589511
137   -0.589337
138   -0.58881
139   -0.591119
140   -0.588119
141   -0.588794
142   -0.58827
143   -0.589126
144   -0.590487
145   -0.591449
146   -0.589602
147   -0.590313
148   -0.587117
149   -0.589005
150   -0.590349
151   -0.589506
152   -0.589288
153   -0.591115
154   -0.590753
155   -0.589313
156   -0.590424
157   -0.590871
158   -0.590286
159   -0.589256
160   -0.589806
161   -0.589387
162   -0.589572
163   -0.590526
164   -0.590268
165   -0.589638
166   -0.589556
167   -0.588734
168   -0.586907
169   -0.590451
170   -0.589357
171   -0.590129
172   -0.590213
173   -0.590037
174   -0.589791
175   -0.590465
176   -0.590368
177   -0.589241
178   -0.590971
179   -0.588503
180   -0.589651
181   -0.58941
182   -0.59029
183   -0.589946
184   -0.589281
185   -0.588324
186   -0.588532
187   -0.589068
188   -0.589057
189   -0.589758
190   -0.590284
191   -0.588815
192   -0.589256
193   -0.590532
194   -0.590573
195   -0.589588
196   -0.589661
197   -0.589835
198   -0.591397
199   -0.589973
200   -0.589994
201   -0.590997
202   -0.590118
203   -0.591077
204   -0.59064
205   -0.59044
206   -0.590533
207   -0.590214
208   -0.590471
209   -0.588426
210   -0.589776
211   -0.591003
212   -0.590636
213   -0.588682
214   -0.590141
215   -0.590585
216   -0.591017
217   -0.588978
218   -0.589207
219   -0.59029
220   -0.589963
221   -0.589225
222   -0.59025
223   -0.590034
224   -0.591745
225   -0.58985
226   -0.590997
227   -0.590523
228   -0.590771
229   -0.590184
230   -0.590999
231   -0.590334
232   -0.589771
233   -0.590544
234   -0.590279
235   -0.588636
236   -0.590855
237   -0.590462
238   -0.588214
239   -0.590563
240   -0.589566
241   -0.58975
242   -0.588853
243   -0.588745
244   -0.590812
245   -0.590226
246   -0.591602
247   -0.588833
248   -0.58988
249   -0.590258
250   -0.589816
251   -0.590524
252   -0.590592
253   -0.589035
254   -0.589394
255   -0.589249
256   -0.589721
257   -0.589515
258   -0.590905
259   -0.590093
260   -0.590086
261   -0.58996
262   -0.59053
263   -0.590769
264   -0.590035
265   -0.588861
266   -0.591479
267   -0.591311
268   -0.589393
269   -0.590447
270   -0.590172
271   -0.591232
272   -0.5914
273   -0.590179
274   -0.591302
275   -0.590495
276   -0.591055
277   -0.590859
278   -0.589574
279   -0.590781
280   -0.588494
281   -0.590175
282   -0.589679
283   -0.589064
284   -0.588791
285   -0.590887
286   -0.589771
287   -0.590307
288   -0.591171
289   -0.588953
290   -0.588943
291   -0.590642
292   -0.588923
293   -0.591483
294   -0.59173
295   -0.589834
296   -0.590952
297   -0.590265
298   -0.591202
299   -0.590406
300   -0.591008
301   -0.589267
302   -0.589277
303   -0.590153
304   -0.588963
305   -0.588919
306   -0.591211
307   -0.591025
308   -0.589855
309   -0.591787
310   -0.589401
311   -0.590914
312   -0.590443
313   -0.589082
314   -0.589168
315   -0.590816
316   -0.58979
317   -0.589765
318   -0.590746
319   -0.589654
320   -0.591094
321   -0.590006
322   -0.590723
323   -0.590741
324   -0.590024
325   -0.590092
326   -0.590084
327   -0.590185
328   -0.590069
329   -0.589256
330   -0.58967
331   -0.589984
332   -0.591636
333   -0.589913
334   -0.590781
335   -0.591088
336   -0.591668
337   -0.59021
338   -0.591277
339   -0.590216
340   -0.590628
341   -0.589126
342   -0.592271
343   -0.591948
344   -0.590309
345   -0.591296
346   -0.590777
347   -0.591506
348   -0.590879
349   -0.589949
350   -0.591098
351   -0.591176
352   -0.590402
353   -0.590858
354   -0.590445
355   -0.59103
356   -0.591004
357   -0.590118
358   -0.589581
359   -0.59032
360   -0.589572
361   -0.589385
362   -0.590904
363   -0.590662
364   -0.590924
365   -0.591275
366   -0.591159
367   -0.590842
368   -0.590654
369   -0.590149
370   -0.589845
371   -0.590912
372   -0.590581
373   -0.590741
374   -0.59099
375   -0.590563
376   -0.589717
377   -0.589555
378   -0.590586
379   -0.590281
380   -0.58906
381   -0.589623
382   -0.590793
383   -0.591338
384   -0.59124
385   -0.590094
386   -0.591013
387   -0.590727
388   -0.591047
389   -0.591008
390   -0.5918
391   -0.590573
392   -0.590169
393   -0.590806
394   -0.589804
395   -0.590757
396   -0.590675
397   -0.590647
398   -0.59064
399   -0.591139
400   -0.591715
401   -0.590794
402   -0.59064
403   -0.589727
404   -0.590657
405   -0.590426
406   -0.590449
407   -0.589577
408   -0.591648
409   -0.590251
410   -0.590414
411   -0.589867
412   -0.590466
413   -0.591228
414   -0.590927
415   -0.58972
416   -0.591637
417   -0.590405
418   -0.589219
419   -0.591312
420   -0.590401
421   -0.590689
422   -0.590226
423   -0.590042
424   -0.590566
425   -0.590713
426   -0.590612
427   -0.590694
428   -0.589266
429   -0.590497
430   -0.590262
431   -0.5909
432   -0.590848
433   -0.591017
434   -0.589477
435   -0.591857
436   -0.590346
437   -0.589778
438   -0.590328
439   -0.59046
440   -0.591143
441   -0.590233
442   -0.590331
443   -0.591064
444   -0.5911
445   -0.589145
446   -0.59021
447   -0.590399
448   -0.590952
449   -0.590853
450   -0.59009
451   -0.591186
452   -0.5919
453   -0.590503
454   -0.590724
455   -0.590093
456   -0.590549
457   -0.591333
458   -0.591273
459   -0.590318
460   -0.589856
461   -0.590415
462   -0.591247
463   -0.590783
464   -0.591144
465   -0.590557
466   -0.590171
467   -0.591679
468   -0.588684
469   -0.591101
470   -0.590316
471   -0.590148
472   -0.591024
473   -0.590667
474   -0.590093
475   -0.589796
476   -0.591251
477   -0.592299
478   -0.591281
479   -0.590324
480   -0.590317
481   -0.590774
482   -0.589913
483   -0.590601
484   -0.590505
485   -0.590332
