0   -0.148817
1   -0.0421149
2   -0.212743
3   -0.34053
4   -0.418922
5   -0.470385
6   -0.497799
7   -0.51454
8   -0.52583
9   -0.543856
10   -0.542137
11   -0.551443
12   -0.555802
13   -0.5594
14   -0.560258
15   -0.566689
16   -0.571002
17   -0.567535
18   -0.569792
19   -0.56856
20   -0.576336
21   -0.578947
22   -0.574435
23   -0.576723
24   -0.573338
25   -0.577148
26   -0.580746
27   -0.576122
28   -0.580929
29   -0.580543
30   -0.579392
31   -0.580053
32   -0.578302
33   -0.579407
34   -0.578968
35   -0.583654
36   -0.572486
37   -0.582034
38   -0.579872
39   -0.583694
40   -0.583142
41   -0.582638
42   -0.574767
43   -0.581877
44   -0.58409
45   -0.584279
46   -0.582054
47   -0.581039
48   -0.585797
49   -0.583406
50   -0.587551
51   -0.57995
52   -0.585354
53   -0.579891
54   -0.587768
55   -0.583862
56   -0.584997
57   -0.585524
58   -0.583538
59   -0.586844
60   -0.585173
61   -0.585706
62   -0.58431
63   -0.586809
64   -0.587844
65   -0.585006
66   -0.58605
67   -0.587128
68   -0.582572
69   -0.5854
70   -0.585449
71   -0.582203
72   -0.585261
73   -0.584043
74   -0.58528
75   -0.584917
76   -0.583056
77   -0.584766
78   -0.583142
79   -0.58173
80   -0.586459
81   -0.58637
82   -0.584689
83   -0.586743
84   -0.586631
85   -0.581898
86   -0.587666
87   -0.584045
88   -0.582887
89   -0.5856
90   -0.583636
91   -0.584123
92   -0.586012
93   -0.584977
94   -0.586701
95   -0.583034
96   -0.584437
97   -0.587544
98   -0.584565
99   -0.583364
100   -0.584542
101   -0.585762
102   -0.58663
103   -0.587508
104   -0.587295
105   -0.584037
106   -0.588397
107   -0.585712
108   -0.583208
109   -0.586089
110   -0.585471
111   -0.582774
112   -0.586681
113   -0.583904
114   -0.585109
115   -0.586843
116   -0.58569
117   -0.586641
118   -0.588735
119   -0.588291
120   -0.588418
121   -0.588033
122   -0.585336
123   -0.586602
124   -0.587289
125   -0.585089
126   -0.587198
127   -0.587186
128   -0.585671
129   -0.587366
130   -0.588118
131   -0.587925
132   -0.586116
133   -0.586025
134   -0.587555
135   -0.58631
136   -0.586371
137   -0.587151
138   -0.585379
139   -0.586964
140   -0.585412
141   -0.585215
142   -0.585283
143   -0.585946
144   -0.585736
145   -0.586104
146   -0.589661
147   -0.588259
148   -0.58735
149   -0.586158
150   -0.585651
151   -0.584293
152   -0.588547
153   -0.586639
154   -0.5866
155   -0.588784
156   -0.588035
157   -0.585416
158   -0.586085
159   -0.587406
160   -0.586511
161   -0.586609
162   -0.586347
163   -0.587911
164   -0.583817
165   -0.587796
166   -0.584415
167   -0.587005
168   -0.587388
169   -0.587843
170   -0.587045
171   -0.586658
172   -0.582944
173   -0.585188
174   -0.588026
175   -0.586859
176   -0.587051
177   -0.589146
178   -0.588149
179   -0.587748
180   -0.588238
181   -0.588631
182   -0.588622
183   -0.586501
184   -0.588418
185   -0.584974
186   -0.586858
187   -0.587247
188   -0.589178
189   -0.588963
190   -0.585022
191   -0.584572
192   -0.58675
193   -0.585093
194   -0.585785
195   -0.586425
196   -0.585365
197   -0.585713
198   -0.588771
199   -0.587137
200   -0.588005
201   -0.583646
202   -0.584685
203   -0.588016
204   -0.586175
205   -0.58646
206   -0.587241
207   -0.587636
208   -0.589803
209   -0.585496
210   -0.588215
211   -0.587372
212   -0.587377
213   -0.586137
214   -0.586624
215   -0.587144
216   -0.58669
217   -0.583368
218   -0.586665
219   -0.586394
220   -0.585622
221   -0.589268
222   -0.588791
223   -0.586537
224   -0.588274
225   -0.587617
226   -0.587517
227   -0.587296
228   -0.585967
229   -0.587883
230   -0.585988
231   -0.588684
232   -0.586656
233   -0.588809
234   -0.585052
235   -0.588386
236   -0.586977
237   -0.585962
238   -0.58593
239   -0.586804
240   -0.587539
241   -0.586455
242   -0.583946
243   -0.585967
244   -0.587144
245   -0.584179
246   -0.586628
247   -0.586221
248   -0.588385
249   -0.585474
250   -0.58859
251   -0.585805
252   -0.586233
253   -0.584593
254   -0.58948
255   -0.587243
256   -0.587768
257   -0.590451
258   -0.586228
259   -0.587159
260   -0.586524
261   -0.587387
262   -0.587525
263   -0.588124
264   -0.585579
265   -0.586097
266   -0.586389
267   -0.58494
268   -0.586742
269   -0.590297
270   -0.587403
271   -0.58974
272   -0.586458
273   -0.588463
274   -0.586291
275   -0.588316
276   -0.588484
277   -0.585832
278   -0.588759
279   -0.590657
280   -0.586269
281   -0.58769
282   -0.587748
283   -0.587654
284   -0.587
285   -0.588018
286   -0.589349
287   -0.586201
288   -0.588043
289   -0.58684
290   -0.588329
291   -0.590947
292   -0.587803
293   -0.588061
294   -0.588778
295   -0.59013
296   -0.586723
297   -0.588643
298   -0.58656
299   -0.588297
300   -0.589855
301   -0.588788
302   -0.587871
303   -0.587365
304   -0.586104
305   -0.588043
306   -0.589548
307   -0.588543
308   -0.588222
309   -0.587533
310   -0.588627
311   -0.589298
312   -0.587535
313   -0.587594
314   -0.588691
315   -0.588056
316   -0.588106
317   -0.589005
318   -0.588119
319   -0.589831
320   -0.588219
321   -0.586899
322   -0.587101
323   -0.587388
324   -0.587233
325   -0.588415
326   -0.587488
327   -0.588239
328   -0.588912
329   -0.587153
330   -0.587277
331   -0.589071
332   -0.586846
333   -0.588917
334   -0.587699
335   -0.588158
336   -0.589341
337   -0.585713
338   -0.588197
339   -0.587764
340   -0.589259
341   -0.586009
342   -0.588176
343   -0.588962
344   -0.587186
345   -0.588509
346   -0.587753
347   -0.589551
348   -0.58907
349   -0.585758
350   -0.588502
351   -0.586836
352   -0.589226
353   -0.588612
354   -0.58808
355   -0.589574
356   -0.586172
357   -0.588237
358   -0.586489
359   -0.587514
360   -0.588734
361   -0.587725
362   -0.58828
363   -0.587919
364   -0.58718
365   -0.587907
366   -0.587998
367   -0.588605
368   -0.58784
369   -0.587858
370   -0.589102
371   -0.586412
372   -0.586537
373   -0.587799
374   -0.587026
375   -0.589301
376   -0.587681
377   -0.587329
378   -0.587617
379   -0.585441
380   -0.589555
381   -0.58857
382   -0.586511
383   -0.588782
384   -0.58883
385   -0.590999
386   -0.587278
387   -0.589653
388   -0.58898
389   -0.587226
390   -0.590316
391   -0.587556
392   -0.587451
393   -0.588728
394   -0.586124
395   -0.586369
396   -0.589154
397   -0.589523
398   -0.587453
399   -0.588852
400   -0.589218
401   -0.589213
402   -0.586581
403   -0.589074
404   -0.586417
405   -0.586653
406   -0.59023
407   -0.586582
408   -0.590218
409   -0.587306
410   -0.586657
411   -0.587733
412   -0.589239
413   -0.589656
414   -0.586451
415   -0.589437
416   -0.590984
417   -0.586689
418   -0.588123
419   -0.589315
420   -0.588123
421   -0.587679
422   -0.588249
423   -0.588334
424   -0.587659
425   -0.592085
426   -0.587815
427   -0.587388
428   -0.589769
429   -0.586931
430   -0.588251
431   -0.586924
432   -0.590322
433   -0.588221
434   -0.586993
435   -0.586379
436   -0.58903
437   -0.589692
438   -0.590294
439   -0.586758
440   -0.587186
441   -0.59054
442   -0.588188
443   -0.586523
444   -0.587194
445   -0.58906
446   -0.590088
447   -0.586823
448   -0.58997
449   -0.589375
450   -0.586651
451   -0.590204
452   -0.589009
453   -0.587831
454   -0.587126
455   -0.58848
456   -0.590584
457   -0.585885
458   -0.58951
459   -0.586868
460   -0.588693
461   -0.586866
462   -0.588327
463   -0.586754
464   -0.587034
465   -0.589009
466   -0.588851
467   -0.586771
468   -0.589665
469   -0.587654
470   -0.590452
471   -0.588408
472   -0.588591
473   -0.586884
474   -0.587558
475   -0.588986
476   -0.588708
477   -0.58931
478   -0.587253
479   -0.587805
480   -0.588647
481   -0.59009
482   -0.589
483   -0.585943
484   -0.587631
485   -0.587311
486   -0.588016
487   -0.590049
488   -0.588483
489   -0.586281
490   -0.589147
491   -0.588534
492   -0.590183
493   -0.586653
494   -0.58836
495   -0.585907
496   -0.588512
497   -0.587051
498   -0.589026
499   -0.588288
500   -0.589644
501   -0.586352
502   -0.587754
503   -0.586961
504   -0.587492
505   -0.590064
506   -0.587934
507   -0.587807
508   -0.586685
509   -0.587643
510   -0.587222
511   -0.587633
512   -0.587908
513   -0.590143
514   -0.58824
515   -0.58864
516   -0.588878
517   -0.588033
518   -0.587864
519   -0.590342
520   -0.587846
521   -0.589305
522   -0.588019
523   -0.589693
524   -0.587833
525   -0.589031
526   -0.586367
527   -0.588728
528   -0.588809
529   -0.586888
530   -0.590473
531   -0.590265
532   -0.586967
533   -0.587773
534   -0.588049
535   -0.586826
536   -0.590287
537   -0.59006
538   -0.587273
539   -0.58867
540   -0.588979
541   -0.589582
542   -0.589082
543   -0.585208
544   -0.589854
545   -0.588007
546   -0.59038
547   -0.589001
548   -0.589081
549   -0.587453
550   -0.58572
551   -0.586466
552   -0.588618
553   -0.587789
554   -0.586198
555   -0.587546
556   -0.58945
557   -0.588037
558   -0.589968
559   -0.587117
560   -0.588728
561   -0.589047
562   -0.588028
563   -0.586402
564   -0.588381
565   -0.588975
566   -0.588927
567   -0.589703
568   -0.587833
569   -0.588679
570   -0.588123
571   -0.586981
572   -0.586189
573   -0.586878
574   -0.5895
575   -0.589693
576   -0.586786
577   -0.587507
