0   0.136763
1   0.112653
2   0.0876022
3   0.0628184
4   0.0329145
5   0.0196157
6   -0.0113429
7   -0.0117882
8   -0.059623
9   -0.0802822
10   -0.0818736
11   -0.12514
12   -0.127911
13   -0.151654
14   -0.156861
15   -0.172277
16   -0.187366
17   -0.212471
18   -0.214505
19   -0.227848
20   -0.240867
21   -0.263791
22   -0.261092
23   -0.272942
24   -0.2847
25   -0.303314
26   -0.291873
27   -0.319699
28   -0.325886
29   -0.328017
30   -0.346184
31   -0.34502
32   -0.356464
33   -0.362661
34   -0.373962
35   -0.367778
36   -0.381368
37   -0.397974
38   -0.397177
39   -0.405303
40   -0.414778
41   -0.421053
42   -0.417968
43   -0.426801
44   -0.431006
45   -0.43254
46   -0.441621
47   -0.446021
48   -0.451001
49   -0.44893
50   -0.457647
51   -0.460922
52   -0.464792
53   -0.467263
54   -0.465937
55   -0.463056
56   -0.471234
57   -0.47353
58   -0.482155
59   -0.484521
60   -0.473223
61   -0.483241
62   -0.492026
63   -0.492209
64   -0.484281
65   -0.499176
66   -0.492131
67   -0.492991
68   -0.500022
69   -0.509947
70   -0.505361
71   -0.504184
72   -0.508676
73   -0.51804
74   -0.507357
75   -0.518741
76   -0.514305
77   -0.513965
78   -0.524086
79   -0.518697
80   -0.526719
81   -0.525262
82   -0.526537
83   -0.529168
84   -0.534945
85   -0.529034
86   -0.540579
87   -0.53312
88   -0.538813
89   -0.5403
90   -0.537855
91   -0.538369
92   -0.541624
93   -0.543644
94   -0.548169
95   -0.54519
96   -0.542902
97   -0.550343
98   -0.55059
99   -0.552741
100   -0.556617
101   -0.550141
102   -0.550752
103   -0.55542
104   -0.552932
105   -0.550015
106   -0.555081
107   -0.556798
108   -0.557029
109   -0.556478
110   -0.558979
111   -0.560126
112   -0.560057
113   -0.559687
114   -0.559401
115   -0.5617
116   -0.561354
117   -0.562466
118   -0.562021
119   -0.561444
120   -0.561023
121   -0.560544
122   -0.564252
123   -0.562474
124   -0.56532
125   -0.564569
126   -0.561307
127   -0.564944
128   -0.565693
129   -0.56681
130   -0.564836
131   -0.565284
132   -0.565178
133   -0.567483
134   -0.565772
135   -0.568441
136   -0.567977
137   -0.567929
138   -0.566443
139   -0.568095
140   -0.57073
141   -0.569
142   -0.569241
143   -0.566878
144   -0.568327
145   -0.567181
146   -0.566655
147   -0.569729
148   -0.569568
149   -0.569601
150   -0.569355
151   -0.569695
152   -0.57048
153   -0.568001
154   -0.567076
155   -0.570216
156   -0.570214
157   -0.568998
158   -0.570473
159   -0.571058
160   -0.572691
161   -0.570673
162   -0.570418
163   -0.572075
164   -0.570917
165   -0.571246
166   -0.569316
167   -0.569534
168   -0.569757
169   -0.570576
170   -0.57112
171   -0.570401
172   -0.570728
173   -0.570753
174   -0.570179
175   -0.572394
176   -0.570727
177   -0.572499
178   -0.569382
179   -0.570793
180   -0.572851
181   -0.572909
182   -0.57109
183   -0.568862
184   -0.571662
185   -0.570926
186   -0.571742
187   -0.572544
188   -0.572806
189   -0.571686
190   -0.573684
191   -0.572998
192   -0.573416
193   -0.572177
194   -0.572137
195   -0.57202
196   -0.572233
197   -0.572546
198   -0.573069
199   -0.573319
200   -0.573245
201   -0.572741
202   -0.571654
203   -0.57209
204   -0.573278
205   -0.572919
206   -0.573365
207   -0.570755
208   -0.57311
209   -0.572876
210   -0.572903
211   -0.573302
212   -0.574464
213   -0.575158
214   -0.572564
215   -0.5725
216   -0.572983
217   -0.573128
218   -0.572726
219   -0.57259
220   -0.5733
221   -0.573933
222   -0.57185
223   -0.570915
224   -0.57423
225   -0.572208
226   -0.574293
227   -0.572341
228   -0.572427
229   -0.574562
230   -0.57337
231   -0.573039
232   -0.572422
233   -0.57332
234   -0.572191
235   -0.573377
236   -0.572489
237   -0.571882
238   -0.571516
239   -0.572931
240   -0.575057
241   -0.574221
242   -0.57365
243   -0.574469
244   -0.57388
245   -0.572278
246   -0.574154
247   -0.573319
248   -0.573243
249   -0.571768
250   -0.572582
251   -0.5739
252   -0.573968
253   -0.573959
254   -0.574362
255   -0.574117
256   -0.57418
257   -0.571914
258   -0.574593
259   -0.573442
260   -0.573865
261   -0.574265
262   -0.573852
263   -0.574654
264   -0.572464
265   -0.572225
266   -0.57317
267   -0.572994
268   -0.573933
269   -0.572617
270   -0.572715
271   -0.573446
272   -0.575061
273   -0.574083
274   -0.574115
275   -0.575637
276   -0.574211
277   -0.573405
278   -0.573757
279   -0.573049
280   -0.5747
281   -0.573876
282   -0.573527
283   -0.572828
284   -0.572986
285   -0.574778
286   -0.574043
287   -0.574356
288   -0.574009
289   -0.574166
290   -0.574847
291   -0.574092
292   -0.572714
293   -0.575469
294   -0.573696
295   -0.573174
296   -0.573799
297   -0.574025
298   -0.573203
299   -0.574354
300   -0.574483
301   -0.573301
302   -0.573421
303   -0.574286
304   -0.573835
305   -0.573426
306   -0.573212
307   -0.572806
308   -0.573762
309   -0.573841
310   -0.574277
311   -0.573654
312   -0.574229
313   -0.572742
314   -0.57301
315   -0.573672
316   -0.574595
317   -0.573439
318   -0.574475
319   -0.572116
320   -0.573809
321   -0.573518
322   -0.573812
323   -0.574241
324   -0.57371
325   -0.574094
326   -0.575444
327   -0.575483
328   -0.574608
329   -0.573302
330   -0.574419
331   -0.574301
332   -0.574569
333   -0.573235
334   -0.574541
335   -0.573573
336   -0.573171
337   -0.573718
338   -0.573953
339   -0.573635
340   -0.574652
341   -0.573488
342   -0.574671
343   -0.574418
344   -0.574133
345   -0.573729
346   -0.573759
347   -0.574538
348   -0.574985
349   -0.573725
350   -0.574255
351   -0.573409
352   -0.574556
353   -0.57363
354   -0.57391
355   -0.573987
356   -0.574876
357   -0.575122
358   -0.574376
359   -0.575395
360   -0.574199
361   -0.574679
362   -0.574748
363   -0.574519
364   -0.574403
365   -0.574854
366   -0.574017
367   -0.574035
368   -0.573544
369   -0.574103
370   -0.574657
371   -0.574552
372   -0.575395
373   -0.574311
374   -0.573997
375   -0.573946
376   -0.574405
377   -0.572545
378   -0.575076
379   -0.57404
380   -0.576179
381   -0.574219
382   -0.574057
383   -0.574281
384   -0.574016
385   -0.575175
386   -0.572858
387   -0.573487
388   -0.574375
389   -0.57437
390   -0.573738
391   -0.573925
392   -0.574523
393   -0.573836
394   -0.573498
395   -0.574398
396   -0.574425
397   -0.573326
398   -0.574467
399   -0.575113
400   -0.574773
401   -0.573641
402   -0.57442
403   -0.57441
404   -0.575218
405   -0.573701
406   -0.574643
407   -0.574085
408   -0.574619
409   -0.574129
410   -0.574915
411   -0.574629
412   -0.574243
413   -0.57479
414   -0.573805
415   -0.573475
416   -0.573689
417   -0.573573
418   -0.575582
419   -0.574409
420   -0.574451
421   -0.57378
422   -0.575113
423   -0.572442
424   -0.574239
425   -0.574617
426   -0.574526
427   -0.574926
428   -0.57408
429   -0.574177
430   -0.574901
431   -0.574616
432   -0.574135
433   -0.572652
434   -0.574535
435   -0.573385
436   -0.572316
437   -0.574234
438   -0.575227
439   -0.574002
440   -0.573727
441   -0.574092
442   -0.573395
443   -0.574719
444   -0.574141
445   -0.574514
446   -0.573948
447   -0.573728
448   -0.574388
449   -0.574427
450   -0.575548
451   -0.57368
452   -0.573297
453   -0.574712
454   -0.568376
455   -0.574303
456   -0.573135
457   -0.574951
458   -0.574277
459   -0.574687
460   -0.575448
461   -0.57486
462   -0.574948
463   -0.574321
464   -0.574869
465   -0.574129
466   -0.574782
467   -0.573724
468   -0.573927
469   -0.573917
470   -0.574546
471   -0.574256
472   -0.572197
473   -0.574676
474   -0.573965
475   -0.574043
476   -0.575202
477   -0.573987
478   -0.574009
479   -0.574208
480   -0.57473
481   -0.574488
482   -0.573702
483   -0.575984
484   -0.574274
485   -0.574925
486   -0.573878
487   -0.574789
488   -0.573802
489   -0.574341
490   -0.575338
491   -0.573983
492   -0.574419
493   -0.574754
494   -0.5744
495   -0.575051
496   -0.574423
497   -0.573704
498   -0.574879
499   -0.575189
500   -0.574203
501   -0.574039
502   -0.573629
503   -0.574584
504   -0.575499
505   -0.575088
506   -0.573829
507   -0.575609
508   -0.57483
509   -0.576002
510   -0.574918
511   -0.574444
512   -0.573951
513   -0.574938
514   -0.574013
515   -0.575254
516   -0.574573
517   -0.574248
518   -0.574472
519   -0.574784
520   -0.573345
521   -0.574539
522   -0.574532
523   -0.575718
524   -0.575373
525   -0.574151
526   -0.574482
527   -0.573212
528   -0.574665
529   -0.574315
530   -0.574273
531   -0.574172
532   -0.573916
533   -0.573834
534   -0.573782
535   -0.574709
536   -0.574154
537   -0.573015
538   -0.573573
539   -0.574681
540   -0.575835
541   -0.575154
542   -0.574548
543   -0.575272
544   -0.575446
545   -0.574714
546   -0.57456
547   -0.57465
548   -0.57455
549   -0.574942
550   -0.575591
551   -0.574812
552   -0.575263
553   -0.572688
554   -0.574979
555   -0.574457
556   -0.574109
557   -0.573699
558   -0.574012
559   -0.575215
560   -0.573881
561   -0.574333
562   -0.57438
563   -0.57471
564   -0.574986
565   -0.575056
566   -0.574633
567   -0.57429
568   -0.573082
569   -0.573718
570   -0.574475
571   -0.574548
572   -0.57495
573   -0.574095
574   -0.573624
575   -0.575221
576   -0.575076
577   -0.574145
578   -0.575003
579   -0.573788
580   -0.574771
581   -0.574967
582   -0.573617
583   -0.575556
584   -0.573397
585   -0.574493
586   -0.574307
587   -0.574505
588   -0.573993
589   -0.574979
590   -0.575258
591   -0.574985
592   -0.575132
593   -0.574495
594   -0.573901
595   -0.574749
596   -0.573587
597   -0.573016
598   -0.57397
599   -0.573955
600   -0.574832
601   -0.574567
602   -0.574254
603   -0.573964
604   -0.574725
605   -0.575141
606   -0.575187
607   -0.575329
608   -0.574936
609   -0.574531
610   -0.575935
611   -0.57474
612   -0.573447
613   -0.573482
614   -0.575063
615   -0.573798
616   -0.574871
617   -0.573934
618   -0.574015
619   -0.575103
620   -0.573491
621   -0.57395
622   -0.574007
623   -0.573528
624   -0.575161
625   -0.574881
626   -0.57389
627   -0.575311
628   -0.574707
629   -0.573433
630   -0.574595
631   -0.574429
632   -0.573434
633   -0.57532
634   -0.575076
635   -0.574801
636   -0.573851
637   -0.574404
638   -0.574383
639   -0.574611
640   -0.574897
641   -0.573843
642   -0.575004
643   -0.575205
644   -0.573957
645   -0.574498
646   -0.57436
647   -0.575368
648   -0.574514
649   -0.575972
650   -0.57458
651   -0.573814
652   -0.573934
653   -0.575009
654   -0.572773
655   -0.574861
656   -0.573609
657   -0.575024
658   -0.57429
659   -0.574817
660   -0.573618
661   -0.573549
662   -0.574798
663   -0.575701
664   -0.575141
665   -0.575545
666   -0.573633
667   -0.575377
668   -0.574806
669   -0.574957
670   -0.57458
671   -0.573709
672   -0.574811
673   -0.574545
674   -0.575265
675   -0.574396
676   -0.57491
677   -0.574839
678   -0.574859
679   -0.574163
680   -0.57463
681   -0.574109
682   -0.573754
683   -0.575087
684   -0.57328
685   -0.573569
686   -0.57398
687   -0.572438
688   -0.574373
689   -0.574488
690   -0.574677
691   -0.573694
692   -0.575241
693   -0.575081
694   -0.574505
695   -0.574096
696   -0.575587
697   -0.574139
698   -0.572974
699   -0.573962
700   -0.573931
701   -0.573915
702   -0.574689
703   -0.575106
704   -0.573669
705   -0.575528
706   -0.575355
707   -0.574412
708   -0.574813
709   -0.574194
710   -0.575491
711   -0.574304
712   -0.574698
713   -0.574432
714   -0.57482
715   -0.574273
716   -0.57368
717   -0.574388
718   -0.574249
719   -0.574784
720   -0.572986
721   -0.574683
722   -0.574467
723   -0.573409
724   -0.574709
725   -0.574386
726   -0.573952
727   -0.573178
728   -0.57323
729   -0.57418
730   -0.574332
731   -0.575227
732   -0.574122
733   -0.57575
734   -0.574706
735   -0.574638
736   -0.574058
737   -0.574861
738   -0.575001
739   -0.573984
740   -0.573608
741   -0.574358
742   -0.574093
743   -0.574724
744   -0.573833
745   -0.573059
746   -0.573582
747   -0.57491
748   -0.57438
749   -0.574615
750   -0.574641
751   -0.57481
752   -0.574045
753   -0.574443
754   -0.573079
755   -0.574506
756   -0.576352
757   -0.575186
758   -0.574906
759   -0.574578
760   -0.573484
761   -0.574049
762   -0.574863
763   -0.573964
764   -0.57421
765   -0.573423
766   -0.573718
767   -0.574071
768   -0.574035
769   -0.573644
770   -0.574161
771   -0.57451
772   -0.574148
773   -0.573646
774   -0.574391
775   -0.575862
776   -0.575691
777   -0.574424
778   -0.574937
779   -0.574009
780   -0.574739
781   -0.574087
782   -0.574066
783   -0.57571
784   -0.574774
785   -0.574861
786   -0.57499
787   -0.574084
788   -0.575381
789   -0.574819
790   -0.57447
791   -0.574909
792   -0.574553
793   -0.575055
794   -0.574987
795   -0.574925
796   -0.574651
797   -0.574029
798   -0.575153
799   -0.574689
800   -0.573375
801   -0.574888
802   -0.574732
803   -0.574219
804   -0.575085
805   -0.574097
806   -0.57477
807   -0.574743
808   -0.578089
809   -0.573286
810   -0.574571
811   -0.57497
812   -0.575119
813   -0.574566
814   -0.574103
815   -0.574465
816   -0.573779
817   -0.575073
818   -0.573953
819   -0.574385
820   -0.57448
821   -0.57586
822   -0.573566
823   -0.573894
824   -0.573791
825   -0.574702
826   -0.57383
827   -0.574275
828   -0.574876
829   -0.574372
830   -0.573967
831   -0.57486
832   -0.574272
833   -0.574989
834   -0.574827
835   -0.573517
836   -0.575333
837   -0.57427
838   -0.574644
839   -0.575173
840   -0.573545
841   -0.574668
842   -0.574282
843   -0.574472
844   -0.573623
845   -0.574277
846   -0.575112
847   -0.574137
848   -0.574677
849   -0.574374
850   -0.574448
851   -0.575453
852   -0.57371
853   -0.574419
854   -0.575472
855   -0.574524
856   -0.575143
857   -0.573925
858   -0.574864
859   -0.574985
860   -0.574451
861   -0.575515
862   -0.575082
863   -0.574471
864   -0.574522
865   -0.57385
866   -0.574425
867   -0.574558
868   -0.574526
869   -0.57387
870   -0.573905
871   -0.574042
872   -0.574514
873   -0.575061
874   -0.574973
875   -0.574554
876   -0.575424
877   -0.574726
878   -0.575267
879   -0.574272
880   -0.574875
881   -0.574263
882   -0.574283
883   -0.574497
884   -0.574194
885   -0.57458
886   -0.576126
887   -0.573658
888   -0.575078
889   -0.575473
890   -0.575897
891   -0.575244
892   -0.575096
893   -0.573926
894   -0.574952
895   -0.574823
896   -0.574732
897   -0.574781
898   -0.574231
899   -0.574947
900   -0.5757
901   -0.575354
902   -0.575615
903   -0.574366
904   -0.57436
905   -0.57385
906   -0.574258
907   -0.573868
908   -0.574393
909   -0.573872
910   -0.57517
911   -0.574701
912   -0.575412
913   -0.573439
914   -0.574836
915   -0.575029
916   -0.574831
917   -0.574119
918   -0.574191
919   -0.574257
920   -0.574475
921   -0.575117
922   -0.574496
923   -0.57195
924   -0.575336
925   -0.574272
926   -0.574402
927   -0.574382
928   -0.575319
929   -0.575011
930   -0.574947
931   -0.574044
932   -0.574372
933   -0.574861
934   -0.574862
935   -0.57454
936   -0.575057
937   -0.574523
938   -0.573981
939   -0.575053
940   -0.57447
941   -0.574784
942   -0.575016
943   -0.574513
944   -0.574332
945   -0.575077
946   -0.574793
947   -0.574093
948   -0.574046
949   -0.573544
950   -0.575445
951   -0.574189
952   -0.57386
953   -0.574578
954   -0.574352
955   -0.575314
956   -0.574513
957   -0.574055
958   -0.57398
959   -0.575
960   -0.574148
961   -0.574418
962   -0.57323
963   -0.574436
964   -0.576246
965   -0.574656
966   -0.57535
967   -0.574941
968   -0.574128
969   -0.574711
970   -0.574608
971   -0.573865
972   -0.57579
973   -0.574086
974   -0.575045
975   -0.574812
976   -0.574737
977   -0.57348
978   -0.574489
979   -0.574307
980   -0.575424
981   -0.574251
982   -0.576714
983   -0.573832
984   -0.575285
985   -0.574448
986   -0.574485
987   -0.574526
988   -0.574365
989   -0.574553
990   -0.574196
991   -0.57396
992   -0.574108
993   -0.574703
994   -0.575321
995   -0.5747
996   -0.575014
997   -0.57408
998   -0.574286
999   -0.575292
1000   -0.574441
1001   -0.574574
1002   -0.574298
1003   -0.574173
1004   -0.5739
1005   -0.574139
1006   -0.57354
1007   -0.573919
1008   -0.574679
1009   -0.573598
1010   -0.574361
1011   -0.574382
1012   -0.574523
1013   -0.575651
1014   -0.574423
1015   -0.575416
1016   -0.573556
1017   -0.574204
1018   -0.574374
1019   -0.574904
1020   -0.575128
1021   -0.573684
1022   -0.573547
1023   -0.574758
1024   -0.574106
1025   -0.575722
1026   -0.574926
1027   -0.573964
1028   -0.574357
1029   -0.575098
1030   -0.574146
1031   -0.574853
1032   -0.575471
1033   -0.574045
1034   -0.575714
1035   -0.574377
1036   -0.575222
1037   -0.574195
1038   -0.575611
1039   -0.575882
1040   -0.575389
1041   -0.574603
1042   -0.574936
1043   -0.574379
1044   -0.573961
1045   -0.574128
1046   -0.574079
1047   -0.574404
1048   -0.574753
1049   -0.575372
1050   -0.575465
1051   -0.573935
1052   -0.574469
1053   -0.574736
1054   -0.574519
1055   -0.574447
1056   -0.574667
1057   -0.574108
1058   -0.57513
1059   -0.574692
1060   -0.573964
1061   -0.57402
1062   -0.574375
1063   -0.574985
1064   -0.576054
1065   -0.574453
1066   -0.573828
1067   -0.57541
1068   -0.574987
1069   -0.573895
1070   -0.574645
1071   -0.57504
1072   -0.576221
1073   -0.574444
1074   -0.574596
1075   -0.574525
1076   -0.574411
1077   -0.574281
1078   -0.574192
1079   -0.574467
1080   -0.57405
1081   -0.574315
1082   -0.574722
1083   -0.574394
1084   -0.575856
1085   -0.574083
1086   -0.57388
1087   -0.574118
1088   -0.575245
1089   -0.574818
1090   -0.575232
1091   -0.574036
1092   -0.573511
1093   -0.575428
1094   -0.574402
1095   -0.574768
1096   -0.575459
1097   -0.575163
1098   -0.574266
1099   -0.574077
1100   -0.575292
1101   -0.573586
1102   -0.575313
1103   -0.574344
1104   -0.574597
1105   -0.572833
1106   -0.574549
1107   -0.573841
1108   -0.575031
1109   -0.5754
1110   -0.574105
1111   -0.575489
1112   -0.575697
1113   -0.57442
1114   -0.574344
1115   -0.574207
1116   -0.575028
1117   -0.574826
1118   -0.573946
1119   -0.575159
1120   -0.575076
1121   -0.574429
1122   -0.575401
1123   -0.57491
1124   -0.5737
1125   -0.574854
1126   -0.57474
1127   -0.57462
1128   -0.57431
1129   -0.573774
1130   -0.574876
1131   -0.574295
1132   -0.574279
1133   -0.574354
1134   -0.572735
1135   -0.574404
1136   -0.573626
1137   -0.575359
1138   -0.575371
1139   -0.573595
1140   -0.573578
1141   -0.575374
1142   -0.57425
1143   -0.573722
1144   -0.574269
1145   -0.572815
1146   -0.574456
1147   -0.574408
1148   -0.574542
1149   -0.574574
1150   -0.574286
1151   -0.573721
1152   -0.573608
1153   -0.57428
1154   -0.574419
1155   -0.57403
1156   -0.574922
1157   -0.57465
1158   -0.575278
1159   -0.57413
1160   -0.575129
1161   -0.575352
1162   -0.575014
1163   -0.574531
1164   -0.575611
1165   -0.575313
1166   -0.574399
1167   -0.574866
1168   -0.573181
1169   -0.574775
1170   -0.57444
1171   -0.575266
1172   -0.573986
1173   -0.574992
1174   -0.575828
1175   -0.574915
1176   -0.573033
1177   -0.575226
1178   -0.574525
1179   -0.572966
1180   -0.573418
1181   -0.575826
1182   -0.574286
1183   -0.573533
1184   -0.573402
1185   -0.573393
1186   -0.574196
1187   -0.574705
1188   -0.574873
1189   -0.575191
1190   -0.574924
1191   -0.57482
1192   -0.573851
1193   -0.574262
1194   -0.574592
1195   -0.574774
1196   -0.574358
1197   -0.573033
1198   -0.573994
1199   -0.575542
1200   -0.575707
1201   -0.575564
1202   -0.575155
1203   -0.574009
1204   -0.5737
1205   -0.574426
1206   -0.574662
1207   -0.575508
1208   -0.574567
1209   -0.575352
1210   -0.575293
1211   -0.574404
1212   -0.575473
1213   -0.574826
1214   -0.574439
1215   -0.574508
1216   -0.575484
1217   -0.575556
1218   -0.573344
1219   -0.574629
1220   -0.574285
1221   -0.573327
1222   -0.574385
1223   -0.57411
1224   -0.575347
1225   -0.573912
1226   -0.573811
1227   -0.574722
1228   -0.574102
1229   -0.576085
1230   -0.573871
1231   -0.575188
1232   -0.574058
1233   -0.574838
1234   -0.575357
1235   -0.57541
1236   -0.574903
1237   -0.574548
1238   -0.571002
1239   -0.573459
1240   -0.575009
1241   -0.575063
1242   -0.575188
1243   -0.574427
1244   -0.574219
1245   -0.574317
1246   -0.577753
1247   -0.57427
1248   -0.575297
1249   -0.574237
1250   -0.573939
1251   -0.575774
1252   -0.574828
1253   -0.575276
1254   -0.574767
1255   -0.574911
1256   -0.574646
1257   -0.574632
1258   -0.574615
1259   -0.5749
1260   -0.57451
1261   -0.574178
1262   -0.574235
1263   -0.574633
1264   -0.574224
1265   -0.575267
1266   -0.574646
1267   -0.574146
1268   -0.575242
1269   -0.574339
1270   -0.575122
1271   -0.574426
1272   -0.574382
1273   -0.575506
1274   -0.574324
1275   -0.573914
1276   -0.574427
1277   -0.574708
1278   -0.576173
1279   -0.573914
1280   -0.573463
1281   -0.574638
1282   -0.574897
1283   -0.574115
1284   -0.572905
1285   -0.574791
1286   -0.573326
1287   -0.573361
1288   -0.575047
1289   -0.574375
1290   -0.575199
1291   -0.57467
1292   -0.573651
1293   -0.573317
1294   -0.57431
1295   -0.574069
1296   -0.573783
1297   -0.575109
1298   -0.575172
1299   -0.574945
1300   -0.575124
1301   -0.573489
1302   -0.574526
1303   -0.576042
1304   -0.574455
1305   -0.575595
1306   -0.575132
1307   -0.575898
1308   -0.574168
1309   -0.574109
1310   -0.573745
1311   -0.5746
1312   -0.574608
1313   -0.575082
1314   -0.574796
1315   -0.574349
1316   -0.575163
1317   -0.574786
1318   -0.575847
1319   -0.573476
1320   -0.574221
1321   -0.574429
1322   -0.574881
1323   -0.575017
1324   -0.573971
1325   -0.574889
1326   -0.574128
1327   -0.574756
1328   -0.574845
1329   -0.573387
1330   -0.574187
1331   -0.575597
1332   -0.573926
1333   -0.574423
1334   -0.574583
1335   -0.573826
1336   -0.574182
1337   -0.574507
1338   -0.57504
1339   -0.573239
1340   -0.574934
1341   -0.574043
1342   -0.57434
1343   -0.575843
1344   -0.574009
1345   -0.574957
1346   -0.575588
1347   -0.574482
1348   -0.575447
1349   -0.57453
1350   -0.575521
1351   -0.57655
1352   -0.574878
1353   -0.575142
1354   -0.574828
1355   -0.574327
1356   -0.575129
1357   -0.574207
1358   -0.574539
1359   -0.575266
1360   -0.573637
1361   -0.575827
1362   -0.57557
1363   -0.574355
1364   -0.574119
1365   -0.573868
1366   -0.575521
1367   -0.574768
1368   -0.573512
1369   -0.57506
1370   -0.575103
1371   -0.57506
1372   -0.574421
1373   -0.574487
1374   -0.574944
1375   -0.57408
1376   -0.574182
1377   -0.574645
1378   -0.574293
1379   -0.574782
1380   -0.574464
1381   -0.574918
1382   -0.574423
1383   -0.574244
1384   -0.574737
1385   -0.575434
1386   -0.574767
1387   -0.574375
1388   -0.576331
1389   -0.575069
1390   -0.575303
1391   -0.575026
1392   -0.574913
1393   -0.574554
1394   -0.574467
1395   -0.575672
1396   -0.576072
1397   -0.575149
1398   -0.57419
1399   -0.574554
1400   -0.574784
1401   -0.574805
1402   -0.574223
1403   -0.574176
1404   -0.573851
1405   -0.575475
1406   -0.570973
1407   -0.57444
1408   -0.575061
1409   -0.574226
1410   -0.574883
1411   -0.574986
1412   -0.574209
1413   -0.575171
1414   -0.575344
1415   -0.575688
1416   -0.573693
1417   -0.574765
1418   -0.574618
1419   -0.573955
1420   -0.574629
1421   -0.57452
1422   -0.574386
1423   -0.574117
1424   -0.574952
1425   -0.574631
1426   -0.575344
1427   -0.57389
1428   -0.574854
1429   -0.574593
1430   -0.574332
1431   -0.575193
1432   -0.574276
1433   -0.574002
1434   -0.574998
1435   -0.574879
1436   -0.574514
1437   -0.573476
1438   -0.574864
1439   -0.573779
1440   -0.574225
1441   -0.57531
1442   -0.574242
1443   -0.575104
1444   -0.575177
1445   -0.574686
1446   -0.574307
1447   -0.574262
1448   -0.573367
1449   -0.574604
1450   -0.57412
1451   -0.574779
1452   -0.57387
1453   -0.574636
1454   -0.575516
1455   -0.575839
1456   -0.57552
1457   -0.574367
1458   -0.574936
1459   -0.575577
1460   -0.57453
1461   -0.574857
1462   -0.574987
1463   -0.574497
1464   -0.574439
1465   -0.574791
1466   -0.575136
1467   -0.574096
1468   -0.574357
1469   -0.57523
1470   -0.575322
1471   -0.574669
1472   -0.575349
1473   -0.574446
1474   -0.574307
1475   -0.574492
1476   -0.574389
1477   -0.575094
1478   -0.574973
1479   -0.574255
1480   -0.575495
1481   -0.574954
1482   -0.573697
1483   -0.574979
1484   -0.574535
1485   -0.574549
1486   -0.574174
1487   -0.574247
1488   -0.574878
1489   -0.574031
1490   -0.575196
1491   -0.575484
1492   -0.575986
1493   -0.574594
1494   -0.575296
1495   -0.575725
1496   -0.57478
1497   -0.574467
1498   -0.574979
1499   -0.573497
1500   -0.574664
1501   -0.575562
1502   -0.575385
1503   -0.574749
1504   -0.574542
1505   -0.575258
1506   -0.574747
1507   -0.575115
1508   -0.574732
1509   -0.574753
1510   -0.574748
1511   -0.575318
1512   -0.573364
1513   -0.574047
1514   -0.574215
1515   -0.574371
1516   -0.574759
1517   -0.574894
1518   -0.57491
1519   -0.573633
1520   -0.574852
1521   -0.57442
1522   -0.57445
1523   -0.574433
1524   -0.575171
1525   -0.573926
1526   -0.574315
1527   -0.575333
1528   -0.575683
1529   -0.574992
1530   -0.574515
1531   -0.574897
1532   -0.574732
1533   -0.574449
1534   -0.574495
1535   -0.57394
1536   -0.575317
1537   -0.574861
1538   -0.573709
1539   -0.574715
1540   -0.57505
1541   -0.574948
1542   -0.575004
1543   -0.574662
1544   -0.575499
1545   -0.574646
1546   -0.57408
1547   -0.574738
1548   -0.574883
1549   -0.574631
1550   -0.574169
1551   -0.57544
1552   -0.574409
1553   -0.574294
1554   -0.57451
1555   -0.575094
1556   -0.575264
1557   -0.574638
1558   -0.575085
1559   -0.574171
1560   -0.575746
1561   -0.57405
1562   -0.574762
1563   -0.574625
1564   -0.574811
1565   -0.574781
1566   -0.575474
1567   -0.574749
1568   -0.574207
1569   -0.574349
1570   -0.573593
1571   -0.574922
1572   -0.574884
1573   -0.574741
1574   -0.575457
1575   -0.575341
1576   -0.574233
1577   -0.572057
1578   -0.574734
1579   -0.573593
1580   -0.574768
1581   -0.574611
1582   -0.576094
1583   -0.57538
1584   -0.574833
1585   -0.574317
1586   -0.574613
1587   -0.575154
1588   -0.575337
1589   -0.574325
1590   -0.575437
1591   -0.575289
1592   -0.5753
1593   -0.574865
1594   -0.574417
1595   -0.575254
1596   -0.57546
1597   -0.574882
1598   -0.574831
1599   -0.574387
1600   -0.574934
1601   -0.574093
1602   -0.575014
1603   -0.575364
1604   -0.573623
1605   -0.575712
1606   -0.574605
1607   -0.573802
1608   -0.574322
1609   -0.574646
1610   -0.575086
1611   -0.573816
1612   -0.575739
1613   -0.575221
1614   -0.575164
1615   -0.574728
1616   -0.575493
1617   -0.574796
1618   -0.575427
1619   -0.574016
1620   -0.575
1621   -0.575139
1622   -0.574538
1623   -0.575042
1624   -0.574101
1625   -0.573587
1626   -0.574719
1627   -0.574274
1628   -0.574447
1629   -0.574666
1630   -0.574546
1631   -0.574316
1632   -0.573379
1633   -0.574745
1634   -0.573894
1635   -0.574537
1636   -0.574141
1637   -0.57502
1638   -0.574006
1639   -0.575157
1640   -0.573762
1641   -0.57583
1642   -0.573789
1643   -0.574493
1644   -0.574119
1645   -0.575052
1646   -0.573818
1647   -0.574792
1648   -0.575746
1649   -0.575063
1650   -0.574439
1651   -0.574406
1652   -0.575644
1653   -0.575325
1654   -0.574932
1655   -0.574101
1656   -0.573773
1657   -0.574352
1658   -0.574919
1659   -0.573965
1660   -0.57442
1661   -0.574406
1662   -0.574447
1663   -0.576026
1664   -0.575117
1665   -0.573685
1666   -0.57536
1667   -0.574681
1668   -0.574702
1669   -0.573195
1670   -0.574739
1671   -0.574521
1672   -0.573161
1673   -0.574287
1674   -0.575243
1675   -0.57499
1676   -0.575014
1677   -0.574822
1678   -0.575065
1679   -0.574862
1680   -0.574663
1681   -0.574929
1682   -0.575033
1683   -0.574538
1684   -0.575056
1685   -0.575742
1686   -0.574504
1687   -0.575125
1688   -0.574256
1689   -0.574413
1690   -0.573667
1691   -0.575044
1692   -0.575228
1693   -0.575479
1694   -0.575354
1695   -0.574
1696   -0.574784
1697   -0.573819
1698   -0.57495
1699   -0.575143
1700   -0.57519
1701   -0.573609
1702   -0.575001
1703   -0.574535
1704   -0.575107
1705   -0.574717
1706   -0.573766
1707   -0.575248
1708   -0.57382
1709   -0.574021
1710   -0.575293
1711   -0.57382
1712   -0.57551
1713   -0.575321
1714   -0.575443
1715   -0.574247
1716   -0.575218
1717   -0.574976
1718   -0.574966
1719   -0.574894
1720   -0.573977
1721   -0.574388
1722   -0.574957
1723   -0.574168
1724   -0.574809
1725   -0.574861
1726   -0.575265
1727   -0.574154
1728   -0.574495
1729   -0.574058
1730   -0.575427
1731   -0.575657
1732   -0.575482
1733   -0.574009
1734   -0.575227
1735   -0.575166
1736   -0.575386
1737   -0.574333
1738   -0.574259
1739   -0.575572
1740   -0.57487
1741   -0.573858
1742   -0.574737
1743   -0.575324
1744   -0.57461
1745   -0.57447
1746   -0.574802
1747   -0.573092
1748   -0.57438
1749   -0.575125
1750   -0.575018
1751   -0.574519
1752   -0.575043
1753   -0.575545
1754   -0.574508
1755   -0.574734
1756   -0.574328
1757   -0.5753
1758   -0.573475
1759   -0.574026
1760   -0.574104
1761   -0.574656
1762   -0.575842
1763   -0.573944
1764   -0.574913
1765   -0.574479
1766   -0.57561
1767   -0.573894
1768   -0.586133
1769   -0.574665
1770   -0.574964
1771   -0.574674
1772   -0.573889
1773   -0.575116
1774   -0.574891
1775   -0.573875
1776   -0.574814
1777   -0.574913
1778   -0.575172
1779   -0.574821
1780   -0.574462
1781   -0.57507
1782   -0.574372
1783   -0.574206
1784   -0.574419
1785   -0.575625
1786   -0.574697
1787   -0.575344
1788   -0.574004
1789   -0.57479
1790   -0.574634
1791   -0.574017
1792   -0.574226
1793   -0.573799
1794   -0.573989
1795   -0.573814
1796   -0.573819
1797   -0.574894
1798   -0.575406
1799   -0.575162
1800   -0.574763
1801   -0.574227
1802   -0.575735
1803   -0.57544
1804   -0.574804
1805   -0.57347
1806   -0.574121
1807   -0.57368
1808   -0.574992
1809   -0.574601
1810   -0.574155
1811   -0.575238
1812   -0.575629
1813   -0.574885
1814   -0.574676
1815   -0.574546
1816   -0.574052
1817   -0.574065
1818   -0.574579
1819   -0.575065
1820   -0.574763
1821   -0.575008
1822   -0.575189
1823   -0.575306
1824   -0.573683
1825   -0.573694
1826   -0.574745
1827   -0.575328
1828   -0.574317
1829   -0.574414
1830   -0.575189
1831   -0.573612
1832   -0.574619
1833   -0.574869
1834   -0.575608
1835   -0.57529
1836   -0.57388
1837   -0.573371
1838   -0.573282
1839   -0.574759
1840   -0.573416
1841   -0.575018
1842   -0.57427
1843   -0.575054
1844   -0.574655
1845   -0.574117
1846   -0.574605
1847   -0.575179
1848   -0.574758
1849   -0.574217
1850   -0.574477
1851   -0.574015
1852   -0.574183
1853   -0.574188
1854   -0.575829
1855   -0.574671
1856   -0.575043
1857   -0.574147
1858   -0.57456
1859   -0.574585
1860   -0.576083
1861   -0.575514
1862   -0.574682
1863   -0.574924
1864   -0.574813
1865   -0.574382
1866   -0.575654
1867   -0.574567
1868   -0.574713
1869   -0.57382
1870   -0.574499
1871   -0.573973
1872   -0.573903
1873   -0.574338
1874   -0.574052
1875   -0.574179
1876   -0.575352
1877   -0.574042
1878   -0.575154
1879   -0.575047
1880   -0.574765
1881   -0.574925
1882   -0.574229
1883   -0.574679
1884   -0.574082
1885   -0.57385
1886   -0.575567
1887   -0.575248
1888   -0.575544
1889   -0.574535
1890   -0.575666
1891   -0.574403
1892   -0.574985
1893   -0.575005
1894   -0.574978
1895   -0.574736
1896   -0.575003
1897   -0.574404
1898   -0.575505
1899   -0.575534
1900   -0.575862
1901   -0.574758
1902   -0.574358
1903   -0.575152
1904   -0.57581
1905   -0.575147
1906   -0.574143
1907   -0.575355
1908   -0.574497
1909   -0.574598
1910   -0.574733
1911   -0.5746
1912   -0.572878
1913   -0.574871
1914   -0.574402
1915   -0.574982
1916   -0.573371
1917   -0.574226
1918   -0.574665
1919   -0.574999
1920   -0.57474
1921   -0.573937
1922   -0.574927
1923   -0.5741
1924   -0.574593
1925   -0.575083
1926   -0.574505
1927   -0.574718
1928   -0.574174
1929   -0.574814
1930   -0.57358
1931   -0.574599
1932   -0.574824
1933   -0.574125
1934   -0.574314
1935   -0.574517
1936   -0.574504
1937   -0.574123
1938   -0.575092
1939   -0.57477
1940   -0.574627
1941   -0.575034
1942   -0.574318
1943   -0.574477
1944   -0.573453
1945   -0.574776
1946   -0.574585
1947   -0.573938
1948   -0.575992
1949   -0.574929
1950   -0.575455
1951   -0.573898
1952   -0.574463
1953   -0.574689
1954   -0.575398
1955   -0.575003
1956   -0.573833
1957   -0.573527
1958   -0.57486
1959   -0.575374
1960   -0.575481
1961   -0.575217
1962   -0.574493
1963   -0.57502
1964   -0.575236
1965   -0.573815
1966   -0.574244
1967   -0.574821
1968   -0.574606
1969   -0.575596
1970   -0.575174
1971   -0.574709
1972   -0.574998
1973   -0.575616
1974   -0.574852
1975   -0.574981
1976   -0.575565
1977   -0.574784
1978   -0.574349
1979   -0.573475
1980   -0.573452
1981   -0.57431
1982   -0.575016
1983   -0.574671
1984   -0.574464
1985   -0.575326
1986   -0.573919
1987   -0.574069
1988   -0.574779
1989   -0.575193
1990   -0.574784
1991   -0.574612
1992   -0.574478
1993   -0.574607
1994   -0.575105
1995   -0.574311
1996   -0.573702
1997   -0.575265
1998   -0.573603
1999   -0.57428
