0   0.134998
1   0.120822
2   0.101876
3   0.0683064
4   0.0400484
5   0.0356183
6   0.00151557
7   -0.0376358
8   -0.0566068
9   -0.0536834
10   -0.100267
11   -0.107187
12   -0.137949
13   -0.134553
14   -0.158607
15   -0.168922
16   -0.184
17   -0.200268
18   -0.204433
19   -0.219018
20   -0.233409
21   -0.261726
22   -0.260103
23   -0.269454
24   -0.272884
25   -0.285271
26   -0.301676
27   -0.310284
28   -0.304883
29   -0.316982
30   -0.328887
31   -0.333619
32   -0.342332
33   -0.353763
34   -0.359518
35   -0.365693
36   -0.373529
37   -0.39006
38   -0.383579
39   -0.396031
40   -0.394061
41   -0.401815
42   -0.414888
43   -0.421784
44   -0.417332
45   -0.417154
46   -0.423411
47   -0.429192
48   -0.426055
49   -0.442638
50   -0.443875
51   -0.4453
52   -0.446315
53   -0.453982
54   -0.451473
55   -0.459993
56   -0.456504
57   -0.461692
58   -0.467774
59   -0.467602
60   -0.470883
61   -0.461582
62   -0.473843
63   -0.479111
64   -0.469271
65   -0.481967
66   -0.483157
67   -0.48797
68   -0.485359
69   -0.485067
70   -0.486517
71   -0.492026
72   -0.487555
73   -0.482973
74   -0.496698
75   -0.494702
76   -0.498265
77   -0.497212
78   -0.486173
79   -0.502413
80   -0.499042
81   -0.500255
82   -0.497478
83   -0.49933
84   -0.504522
85   -0.508502
86   -0.506148
87   -0.507155
88   -0.508409
89   -0.491964
90   -0.510742
91   -0.509045
92   -0.510902
93   -0.509566
94   -0.51173
95   -0.511502
96   -0.511291
97   -0.513985
98   -0.510491
99   -0.512933
100   -0.513502
101   -0.514009
102   -0.51671
103   -0.513925
104   -0.515401
105   -0.515557
106   -0.515181
107   -0.519031
108   -0.517075
109   -0.518261
110   -0.520108
111   -0.515293
112   -0.514
113   -0.519571
114   -0.519534
115   -0.516642
116   -0.520889
117   -0.518697
118   -0.521026
119   -0.520223
120   -0.521885
121   -0.519961
122   -0.52209
123   -0.522222
124   -0.51998
125   -0.520326
126   -0.524009
127   -0.520823
128   -0.522575
129   -0.52319
130   -0.520243
131   -0.517722
132   -0.502016
133   -0.522795
134   -0.522365
135   -0.523391
136   -0.514762
137   -0.521542
138   -0.522555
139   -0.523128
140   -0.514707
141   -0.522274
142   -0.521261
143   -0.522373
144   -0.522945
145   -0.523436
146   -0.524545
147   -0.521494
148   -0.523279
149   -0.52356
150   -0.520899
151   -0.523569
152   -0.522637
153   -0.522464
154   -0.524028
155   -0.52431
156   -0.523863
157   -0.523639
158   -0.523102
159   -0.524976
160   -0.525289
161   -0.524211
162   -0.523133
163   -0.52451
164   -0.522875
165   -0.52489
166   -0.523791
167   -0.524277
168   -0.523962
169   -0.525744
170   -0.524654
171   -0.522854
172   -0.523152
173   -0.524461
174   -0.524271
175   -0.525018
176   -0.519127
177   -0.52259
178   -0.523354
179   -0.524989
180   -0.525588
181   -0.525168
182   -0.525064
183   -0.523162
184   -0.525058
185   -0.524245
186   -0.52545
187   -0.525328
188   -0.524967
189   -0.525293
190   -0.523139
191   -0.525904
192   -0.526343
193   -0.523772
194   -0.524894
195   -0.524794
196   -0.525816
197   -0.521104
198   -0.525155
199   -0.523898
200   -0.52444
201   -0.52564
202   -0.525847
203   -0.525449
204   -0.523034
205   -0.52542
206   -0.525998
207   -0.525101
208   -0.527022
209   -0.525891
210   -0.5229
211   -0.526062
212   -0.525082
213   -0.525536
214   -0.52461
215   -0.52523
216   -0.524902
217   -0.526155
218   -0.524064
219   -0.525455
220   -0.525964
221   -0.52507
222   -0.524436
223   -0.52572
224   -0.52464
225   -0.526096
226   -0.525163
227   -0.525622
228   -0.526039
229   -0.526751
230   -0.512893
231   -0.525338
232   -0.527017
233   -0.525551
234   -0.526429
235   -0.526099
236   -0.526057
237   -0.524683
238   -0.525645
239   -0.517259
240   -0.525141
241   -0.525039
242   -0.525205
243   -0.525845
244   -0.526189
245   -0.526241
246   -0.519729
247   -0.518553
248   -0.525499
249   -0.525181
250   -0.525961
251   -0.525839
252   -0.524898
253   -0.525079
254   -0.523597
255   -0.525727
256   -0.526842
257   -0.526047
258   -0.526013
259   -0.526088
260   -0.522781
261   -0.525573
262   -0.52658
263   -0.519645
264   -0.515996
265   -0.525189
266   -0.524959
267   -0.524944
268   -0.526071
269   -0.525073
270   -0.526035
271   -0.525339
272   -0.526148
273   -0.524961
274   -0.526382
275   -0.525619
276   -0.526788
277   -0.524642
278   -0.524939
279   -0.525887
280   -0.526067
281   -0.525077
282   -0.524576
283   -0.525771
284   -0.526417
285   -0.521215
286   -0.526025
287   -0.524772
288   -0.526202
289   -0.525131
290   -0.525472
291   -0.526291
292   -0.525337
293   -0.526037
294   -0.524716
295   -0.525741
296   -0.524389
297   -0.526926
298   -0.525468
299   -0.525826
300   -0.526345
301   -0.52692
302   -0.526052
303   -0.525781
304   -0.523758
305   -0.525235
306   -0.526359
307   -0.526185
308   -0.525783
309   -0.526423
310   -0.524432
311   -0.525504
312   -0.525121
313   -0.526089
314   -0.526607
315   -0.526374
316   -0.525629
317   -0.525936
318   -0.526454
319   -0.526464
320   -0.526148
321   -0.525893
322   -0.526351
323   -0.523607
324   -0.525669
325   -0.52636
326   -0.525415
327   -0.526315
328   -0.521089
329   -0.526235
330   -0.525955
331   -0.525635
332   -0.519673
333   -0.525577
334   -0.526032
335   -0.525802
336   -0.525564
337   -0.526631
338   -0.525378
339   -0.52554
340   -0.526446
341   -0.526001
342   -0.525488
343   -0.525735
344   -0.524543
345   -0.525623
346   -0.525521
347   -0.526901
348   -0.526119
349   -0.526352
350   -0.515056
351   -0.524744
352   -0.525293
353   -0.526575
354   -0.524982
355   -0.525992
356   -0.525772
357   -0.525136
358   -0.526943
359   -0.526154
360   -0.520198
361   -0.526312
362   -0.524552
363   -0.523678
364   -0.52522
365   -0.52481
366   -0.525276
367   -0.525597
368   -0.526201
369   -0.526603
370   -0.525861
371   -0.526285
372   -0.525128
373   -0.524785
374   -0.526017
375   -0.52599
376   -0.525487
377   -0.524317
378   -0.52497
379   -0.525739
380   -0.525237
381   -0.526228
382   -0.526011
383   -0.523698
384   -0.525828
385   -0.5251
386   -0.515
387   -0.525899
388   -0.52525
389   -0.526704
390   -0.526246
391   -0.524318
392   -0.525805
393   -0.525291
394   -0.524723
395   -0.525532
396   -0.526854
397   -0.525757
398   -0.525984
399   -0.525887
400   -0.524858
401   -0.525643
402   -0.525052
403   -0.52512
404   -0.526571
405   -0.525018
406   -0.524491
407   -0.52512
408   -0.525767
409   -0.525355
410   -0.526475
411   -0.525549
412   -0.526596
413   -0.526812
414   -0.526238
415   -0.524947
416   -0.525531
417   -0.526948
418   -0.509673
419   -0.52397
420   -0.525232
421   -0.525135
422   -0.524028
423   -0.525109
424   -0.524963
425   -0.524517
426   -0.524775
427   -0.525436
428   -0.52563
429   -0.52591
430   -0.526916
431   -0.526538
432   -0.526352
433   -0.52607
434   -0.525481
435   -0.526071
436   -0.525995
437   -0.526235
438   -0.526368
439   -0.526432
440   -0.524674
441   -0.527093
442   -0.526127
443   -0.524215
444   -0.526405
445   -0.52602
446   -0.524936
447   -0.52658
448   -0.526277
449   -0.526416
450   -0.524444
451   -0.526295
452   -0.526212
453   -0.525532
454   -0.526649
455   -0.525019
456   -0.526658
457   -0.526165
458   -0.525769
459   -0.52612
460   -0.525433
461   -0.526743
462   -0.526051
463   -0.525861
464   -0.526075
465   -0.525427
466   -0.526816
467   -0.525668
468   -0.52575
469   -0.52478
470   -0.526499
471   -0.524129
472   -0.525954
473   -0.526757
474   -0.526213
475   -0.527242
476   -0.523673
477   -0.524739
478   -0.525807
479   -0.526396
480   -0.525239
481   -0.526544
482   -0.525888
483   -0.523234
484   -0.52705
485   -0.52528
486   -0.52732
487   -0.526072
488   -0.525622
489   -0.525926
490   -0.525607
491   -0.526403
492   -0.525599
493   -0.526251
494   -0.525494
495   -0.525666
496   -0.52505
497   -0.52578
498   -0.525629
499   -0.52657
500   -0.523484
501   -0.525684
502   -0.525899
503   -0.525459
504   -0.525993
505   -0.525737
506   -0.526197
507   -0.525576
508   -0.525732
509   -0.527501
510   -0.525987
511   -0.526538
512   -0.513262
513   -0.526666
514   -0.525933
515   -0.526002
516   -0.525933
517   -0.527128
518   -0.525754
519   -0.526069
520   -0.525695
521   -0.525465
522   -0.525503
523   -0.52623
524   -0.52694
525   -0.526423
526   -0.523097
527   -0.526621
528   -0.526327
529   -0.525667
530   -0.524441
531   -0.523831
532   -0.527286
533   -0.525677
534   -0.52566
535   -0.526072
536   -0.525572
537   -0.526471
538   -0.526683
539   -0.526266
540   -0.526489
541   -0.525067
542   -0.525694
543   -0.525884
544   -0.523471
545   -0.526014
546   -0.526415
547   -0.52617
548   -0.526233
549   -0.526668
550   -0.526393
551   -0.526536
552   -0.524187
553   -0.526282
554   -0.525696
555   -0.526194
556   -0.52619
557   -0.526276
558   -0.526185
559   -0.525967
560   -0.526192
561   -0.525539
562   -0.525994
563   -0.525127
564   -0.525681
565   -0.525224
566   -0.526068
567   -0.52639
568   -0.525403
569   -0.525644
570   -0.524298
571   -0.526979
572   -0.527135
573   -0.524895
574   -0.525562
575   -0.526316
576   -0.525934
577   -0.524753
578   -0.526844
579   -0.5264
580   -0.526215
581   -0.526233
582   -0.526129
583   -0.525764
584   -0.527165
585   -0.525861
586   -0.527019
587   -0.521754
588   -0.525921
589   -0.525869
590   -0.526768
591   -0.525262
592   -0.526218
593   -0.526565
594   -0.522889
595   -0.524194
596   -0.525731
597   -0.526292
598   -0.526075
599   -0.525879
600   -0.526263
601   -0.524725
602   -0.526236
603   -0.526544
604   -0.526224
605   -0.525758
606   -0.526492
607   -0.525911
608   -0.526222
609   -0.526178
610   -0.526886
611   -0.524955
612   -0.526148
613   -0.496395
614   -0.524713
615   -0.524206
616   -0.522442
617   -0.524948
618   -0.52597
619   -0.523286
620   -0.525821
621   -0.523652
622   -0.525224
623   -0.524937
624   -0.524965
625   -0.5245
626   -0.525706
627   -0.526695
628   -0.525123
629   -0.525089
630   -0.52525
631   -0.524968
632   -0.52618
633   -0.524567
634   -0.525396
635   -0.52555
636   -0.526068
637   -0.52635
638   -0.515729
639   -0.524167
640   -0.525596
641   -0.52453
642   -0.525484
643   -0.522351
644   -0.525134
645   -0.526494
646   -0.526164
647   -0.525649
648   -0.52654
649   -0.526289
650   -0.525292
651   -0.526805
652   -0.525262
653   -0.525344
654   -0.524288
655   -0.526275
656   -0.520124
657   -0.516741
658   -0.525768
659   -0.526142
660   -0.52684
661   -0.525629
662   -0.525245
663   -0.525464
664   -0.526787
665   -0.525785
666   -0.525988
667   -0.525084
668   -0.52578
669   -0.526105
670   -0.526127
671   -0.525049
672   -0.525767
673   -0.525506
674   -0.525368
675   -0.526237
676   -0.525692
677   -0.525417
678   -0.526075
679   -0.5268
680   -0.52655
681   -0.526476
682   -0.525591
683   -0.52664
684   -0.526324
685   -0.526232
686   -0.526176
687   -0.525995
688   -0.525032
689   -0.525729
690   -0.526444
691   -0.525447
692   -0.525888
693   -0.526647
694   -0.526102
695   -0.525821
696   -0.525883
697   -0.5262
698   -0.526314
699   -0.525703
700   -0.525286
701   -0.525952
702   -0.526544
703   -0.526207
704   -0.526797
705   -0.5258
706   -0.527021
707   -0.526208
708   -0.525995
709   -0.519159
710   -0.526067
711   -0.526247
712   -0.526077
713   -0.525949
714   -0.526576
715   -0.520672
716   -0.525886
717   -0.525846
718   -0.526155
719   -0.525228
720   -0.524156
721   -0.525977
722   -0.526834
723   -0.526069
724   -0.52737
725   -0.524623
726   -0.525593
727   -0.526063
728   -0.525213
729   -0.525145
730   -0.523678
731   -0.521292
732   -0.525546
733   -0.526115
734   -0.526928
735   -0.526264
736   -0.526558
737   -0.52593
738   -0.526754
739   -0.525965
740   -0.526554
741   -0.525402
742   -0.523467
743   -0.526283
744   -0.525356
745   -0.526037
746   -0.525751
747   -0.525252
748   -0.526015
749   -0.525579
750   -0.526079
751   -0.525602
752   -0.524383
753   -0.527035
754   -0.526497
755   -0.526392
756   -0.525916
757   -0.52635
758   -0.525475
759   -0.525031
760   -0.526366
761   -0.526493
762   -0.524228
763   -0.526984
764   -0.525938
765   -0.526294
766   -0.525959
767   -0.525503
768   -0.525227
769   -0.52086
770   -0.525737
771   -0.525738
772   -0.527484
773   -0.526384
774   -0.52519
775   -0.525732
776   -0.526451
777   -0.526312
778   -0.525671
779   -0.525866
780   -0.525814
781   -0.525985
782   -0.525811
783   -0.52437
784   -0.523079
785   -0.525376
786   -0.526035
787   -0.525442
788   -0.525798
789   -0.526488
790   -0.526189
791   -0.525398
792   -0.525687
793   -0.524401
794   -0.527002
795   -0.524898
796   -0.527323
797   -0.526563
798   -0.520987
799   -0.524914
800   -0.526169
801   -0.526152
802   -0.526158
803   -0.526029
804   -0.526378
805   -0.52659
806   -0.524881
807   -0.526204
808   -0.52627
809   -0.526275
810   -0.52683
811   -0.524926
812   -0.526062
813   -0.526808
814   -0.525784
815   -0.524855
816   -0.526402
817   -0.525825
818   -0.5268
819   -0.526956
820   -0.525823
821   -0.526537
822   -0.526658
823   -0.526815
824   -0.526011
825   -0.526846
826   -0.525282
827   -0.526172
828   -0.526366
829   -0.526163
830   -0.523714
831   -0.526011
832   -0.52176
833   -0.526447
834   -0.525584
835   -0.525379
836   -0.526837
837   -0.525411
838   -0.526706
839   -0.526066
840   -0.526835
841   -0.525542
842   -0.525988
843   -0.525613
844   -0.5254
845   -0.525695
846   -0.525445
847   -0.524224
848   -0.526513
849   -0.526342
850   -0.526733
851   -0.525021
852   -0.526183
853   -0.525198
854   -0.522991
855   -0.52619
856   -0.525995
857   -0.525599
858   -0.52629
859   -0.525798
860   -0.526376
861   -0.526405
862   -0.526953
863   -0.524426
864   -0.525649
865   -0.525892
866   -0.525896
867   -0.526806
868   -0.523679
869   -0.52717
870   -0.525748
871   -0.525043
872   -0.526013
873   -0.526736
874   -0.526813
875   -0.524953
876   -0.52616
877   -0.525943
878   -0.526347
879   -0.525079
880   -0.524971
881   -0.525882
882   -0.526795
883   -0.52643
884   -0.526595
885   -0.52404
886   -0.525263
887   -0.525886
888   -0.52625
889   -0.526256
890   -0.526857
891   -0.526409
892   -0.526212
893   -0.525903
894   -0.526349
895   -0.526088
896   -0.520573
897   -0.526364
898   -0.525118
899   -0.525738
900   -0.526369
901   -0.525571
902   -0.526194
903   -0.525658
904   -0.526943
905   -0.525818
906   -0.526808
907   -0.525519
908   -0.52537
909   -0.525986
910   -0.523782
911   -0.522812
912   -0.524996
913   -0.525969
914   -0.524176
915   -0.526372
916   -0.526065
917   -0.525314
918   -0.52645
919   -0.526548
920   -0.524544
921   -0.525159
922   -0.526491
923   -0.52682
924   -0.524938
925   -0.525884
926   -0.526103
927   -0.52602
928   -0.52649
929   -0.525358
930   -0.52669
931   -0.525766
932   -0.526329
933   -0.525775
934   -0.52686
935   -0.526511
936   -0.524413
937   -0.526654
938   -0.526749
939   -0.526516
940   -0.526446
941   -0.505773
942   -0.525967
943   -0.525282
944   -0.525948
945   -0.525795
946   -0.525876
947   -0.525955
948   -0.52559
949   -0.526462
950   -0.527005
951   -0.523612
952   -0.526692
953   -0.517094
954   -0.525561
955   -0.525678
956   -0.525668
957   -0.525261
958   -0.525613
959   -0.525782
960   -0.526881
961   -0.526717
962   -0.525495
963   -0.526405
964   -0.526895
965   -0.526255
966   -0.525504
967   -0.526815
968   -0.526413
969   -0.526598
970   -0.525546
971   -0.526364
972   -0.525981
973   -0.525964
974   -0.525122
975   -0.525874
976   -0.526184
977   -0.526559
978   -0.524656
979   -0.526111
980   -0.526085
981   -0.525739
982   -0.525367
983   -0.524336
984   -0.526247
985   -0.52686
986   -0.526333
987   -0.526129
988   -0.525889
989   -0.52587
990   -0.526147
991   -0.527335
992   -0.525319
993   -0.526452
994   -0.516916
995   -0.526661
996   -0.522897
997   -0.524686
998   -0.52528
999   -0.526636
1000   -0.526602
1001   -0.526569
1002   -0.526048
1003   -0.526112
1004   -0.524262
1005   -0.524228
1006   -0.525102
1007   -0.524241
1008   -0.526366
1009   -0.526109
1010   -0.524775
1011   -0.526469
1012   -0.52559
1013   -0.52566
1014   -0.526115
1015   -0.52389
1016   -0.52611
1017   -0.525846
1018   -0.524697
1019   -0.52649
1020   -0.52628
1021   -0.526731
1022   -0.525398
1023   -0.523254
1024   -0.525941
1025   -0.525646
1026   -0.526842
1027   -0.525849
1028   -0.526138
1029   -0.527488
1030   -0.524538
1031   -0.52744
1032   -0.526901
1033   -0.52522
1034   -0.526147
1035   -0.5254
1036   -0.525159
1037   -0.525422
1038   -0.525361
1039   -0.526102
1040   -0.526261
1041   -0.526504
1042   -0.524856
1043   -0.525748
1044   -0.526404
1045   -0.526024
1046   -0.525748
1047   -0.525615
1048   -0.525735
1049   -0.510242
1050   -0.523636
1051   -0.526104
1052   -0.525329
1053   -0.527134
1054   -0.526447
1055   -0.525746
1056   -0.526903
1057   -0.525948
1058   -0.525895
1059   -0.527561
1060   -0.521363
1061   -0.526053
1062   -0.52619
1063   -0.526523
1064   -0.526192
1065   -0.526228
1066   -0.526941
1067   -0.52686
1068   -0.525491
1069   -0.526388
1070   -0.526005
1071   -0.526793
1072   -0.527132
1073   -0.526447
1074   -0.525196
1075   -0.523999
1076   -0.526314
1077   -0.526544
1078   -0.525935
1079   -0.526306
1080   -0.525977
1081   -0.526713
1082   -0.524208
1083   -0.526166
1084   -0.52606
1085   -0.526584
1086   -0.526858
1087   -0.526276
1088   -0.526466
1089   -0.525948
1090   -0.526388
1091   -0.526925
1092   -0.526342
1093   -0.526416
1094   -0.526652
1095   -0.526908
1096   -0.526176
1097   -0.527301
1098   -0.525897
1099   -0.524054
1100   -0.525616
1101   -0.526349
1102   -0.525569
1103   -0.526799
1104   -0.527606
1105   -0.526467
1106   -0.526203
1107   -0.524032
1108   -0.525441
1109   -0.521077
1110   -0.52605
1111   -0.52474
1112   -0.523969
1113   -0.525205
1114   -0.525492
1115   -0.523072
1116   -0.525542
1117   -0.526195
1118   -0.525336
1119   -0.525751
1120   -0.526219
1121   -0.52665
1122   -0.526371
1123   -0.525593
1124   -0.52612
1125   -0.526404
1126   -0.524108
1127   -0.526724
1128   -0.525642
1129   -0.525839
1130   -0.526406
1131   -0.526269
1132   -0.526343
1133   -0.525341
1134   -0.526189
1135   -0.524921
1136   -0.524528
1137   -0.525861
1138   -0.523891
1139   -0.523787
1140   -0.526537
1141   -0.526187
1142   -0.526455
1143   -0.526454
1144   -0.527253
1145   -0.526506
1146   -0.526563
1147   -0.526379
1148   -0.52602
1149   -0.5261
1150   -0.526156
1151   -0.526291
1152   -0.526834
1153   -0.526305
1154   -0.525882
1155   -0.526517
1156   -0.526717
1157   -0.525333
1158   -0.525192
1159   -0.526121
1160   -0.526161
1161   -0.52627
1162   -0.525789
1163   -0.522748
1164   -0.525889
1165   -0.526719
1166   -0.526713
1167   -0.525544
1168   -0.525689
1169   -0.525989
1170   -0.5268
1171   -0.526846
1172   -0.52605
1173   -0.526282
1174   -0.525725
1175   -0.52632
1176   -0.526305
1177   -0.525029
1178   -0.526339
1179   -0.524723
1180   -0.525811
1181   -0.526156
1182   -0.52611
1183   -0.526272
1184   -0.526149
1185   -0.525212
1186   -0.525875
1187   -0.525785
1188   -0.525275
1189   -0.525231
1190   -0.524238
1191   -0.52544
1192   -0.526289
1193   -0.52591
1194   -0.525993
1195   -0.525989
1196   -0.526853
1197   -0.526444
1198   -0.526364
1199   -0.526394
1200   -0.526395
1201   -0.525742
1202   -0.526345
1203   -0.526407
1204   -0.525924
1205   -0.526774
1206   -0.526456
1207   -0.524671
1208   -0.527065
1209   -0.526492
1210   -0.525736
1211   -0.527062
1212   -0.526413
1213   -0.527089
1214   -0.526539
1215   -0.526669
1216   -0.526054
1217   -0.525062
1218   -0.51161
1219   -0.526768
1220   -0.525963
1221   -0.526249
1222   -0.526267
1223   -0.526367
1224   -0.525968
1225   -0.526175
1226   -0.526396
1227   -0.525247
1228   -0.526157
1229   -0.526307
1230   -0.526161
1231   -0.526827
1232   -0.524999
1233   -0.526469
1234   -0.526031
1235   -0.526426
1236   -0.526141
1237   -0.525191
1238   -0.526539
1239   -0.526325
1240   -0.526477
1241   -0.526146
1242   -0.52622
1243   -0.510386
1244   -0.527053
1245   -0.526953
1246   -0.525876
1247   -0.525463
1248   -0.524741
1249   -0.52589
1250   -0.526009
1251   -0.526372
1252   -0.524732
1253   -0.525746
1254   -0.524994
1255   -0.525876
1256   -0.523997
1257   -0.524735
1258   -0.525977
1259   -0.524922
1260   -0.526315
1261   -0.525524
1262   -0.526625
1263   -0.526662
1264   -0.526057
1265   -0.526024
1266   -0.526475
1267   -0.525311
1268   -0.526284
1269   -0.526068
1270   -0.525907
1271   -0.526241
1272   -0.527002
1273   -0.526601
1274   -0.525985
1275   -0.526981
1276   -0.526269
1277   -0.522793
1278   -0.52657
1279   -0.524944
1280   -0.526686
1281   -0.526019
1282   -0.525188
1283   -0.526301
1284   -0.526483
1285   -0.525644
1286   -0.526621
1287   -0.526661
1288   -0.526858
1289   -0.52622
1290   -0.525227
1291   -0.526385
1292   -0.525637
1293   -0.52528
1294   -0.52612
1295   -0.526018
1296   -0.525791
1297   -0.526754
1298   -0.526064
1299   -0.526819
1300   -0.526347
1301   -0.52698
1302   -0.524764
1303   -0.525419
1304   -0.526067
1305   -0.525821
1306   -0.521878
1307   -0.52701
1308   -0.527144
1309   -0.526232
1310   -0.525736
1311   -0.526245
1312   -0.5262
1313   -0.526354
1314   -0.5261
1315   -0.525828
1316   -0.527175
1317   -0.526324
1318   -0.526197
1319   -0.526099
1320   -0.526308
1321   -0.526277
1322   -0.526513
1323   -0.52662
1324   -0.526376
1325   -0.525891
1326   -0.525766
1327   -0.526264
1328   -0.525754
1329   -0.526316
1330   -0.525732
1331   -0.527112
1332   -0.524732
1333   -0.526213
1334   -0.526521
1335   -0.52411
1336   -0.526111
1337   -0.525686
1338   -0.526728
1339   -0.526348
1340   -0.5264
1341   -0.525013
1342   -0.526495
1343   -0.526027
1344   -0.526412
1345   -0.52605
1346   -0.525968
1347   -0.526396
1348   -0.526172
1349   -0.525485
1350   -0.525041
1351   -0.525721
1352   -0.52483
1353   -0.525985
1354   -0.526079
1355   -0.525433
1356   -0.52532
1357   -0.525946
1358   -0.523036
1359   -0.527021
1360   -0.525212
1361   -0.526724
1362   -0.526145
1363   -0.52672
1364   -0.525725
1365   -0.525652
1366   -0.526195
1367   -0.526503
1368   -0.526958
1369   -0.526536
1370   -0.526736
1371   -0.526547
1372   -0.526416
1373   -0.525903
1374   -0.526169
1375   -0.526192
1376   -0.526223
1377   -0.526663
1378   -0.526086
1379   -0.526617
1380   -0.52659
1381   -0.526492
1382   -0.526788
1383   -0.526728
1384   -0.526391
1385   -0.526402
1386   -0.525283
1387   -0.523323
1388   -0.525548
1389   -0.526344
1390   -0.526123
1391   -0.526111
1392   -0.526981
1393   -0.52537
1394   -0.526394
1395   -0.518863
1396   -0.526018
1397   -0.52665
1398   -0.525256
1399   -0.523553
1400   -0.526029
1401   -0.526256
1402   -0.52482
1403   -0.526446
1404   -0.525247
1405   -0.526551
1406   -0.526636
1407   -0.526142
1408   -0.526013
1409   -0.525474
1410   -0.52637
1411   -0.525966
1412   -0.526527
1413   -0.525929
1414   -0.526447
1415   -0.525849
1416   -0.526543
1417   -0.526454
1418   -0.526421
1419   -0.526462
1420   -0.526865
1421   -0.524217
1422   -0.52546
1423   -0.526267
1424   -0.526393
1425   -0.527053
1426   -0.527692
1427   -0.52651
1428   -0.526155
1429   -0.52594
1430   -0.525631
1431   -0.524643
1432   -0.526334
1433   -0.524748
1434   -0.524906
1435   -0.525211
1436   -0.526701
1437   -0.526313
1438   -0.52241
1439   -0.525607
1440   -0.527476
1441   -0.526767
1442   -0.525854
1443   -0.525787
1444   -0.526912
1445   -0.526114
1446   -0.526484
1447   -0.525923
1448   -0.525045
1449   -0.525946
1450   -0.524916
1451   -0.52636
1452   -0.526161
1453   -0.526813
1454   -0.525404
1455   -0.525891
1456   -0.526395
1457   -0.525966
1458   -0.5246
1459   -0.521544
1460   -0.524711
1461   -0.525938
1462   -0.525768
1463   -0.52551
1464   -0.525518
1465   -0.526654
1466   -0.525544
1467   -0.525193
1468   -0.526026
1469   -0.525809
1470   -0.526206
1471   -0.526549
1472   -0.525887
1473   -0.525707
1474   -0.526159
1475   -0.527156
1476   -0.526436
1477   -0.526157
1478   -0.526183
1479   -0.52665
1480   -0.525978
1481   -0.524862
1482   -0.526637
1483   -0.52667
1484   -0.52608
1485   -0.526396
1486   -0.525649
1487   -0.526421
1488   -0.526288
1489   -0.526045
1490   -0.525832
1491   -0.524895
1492   -0.525012
1493   -0.525283
1494   -0.525917
1495   -0.526373
1496   -0.525997
1497   -0.525372
1498   -0.526419
1499   -0.52577
1500   -0.525515
1501   -0.5269
1502   -0.5263
1503   -0.525695
1504   -0.526143
1505   -0.526315
1506   -0.526275
1507   -0.524648
1508   -0.525418
1509   -0.525598
1510   -0.52609
1511   -0.526466
1512   -0.526341
1513   -0.525688
1514   -0.526648
1515   -0.523987
1516   -0.526314
1517   -0.525983
1518   -0.526544
1519   -0.525455
1520   -0.525996
1521   -0.525163
1522   -0.525918
1523   -0.52549
1524   -0.525317
1525   -0.526739
1526   -0.526544
1527   -0.525575
1528   -0.52492
1529   -0.525706
1530   -0.525293
1531   -0.525923
1532   -0.526286
1533   -0.526684
1534   -0.525896
1535   -0.527287
1536   -0.525406
1537   -0.526888
1538   -0.526562
1539   -0.525904
1540   -0.525329
1541   -0.511468
1542   -0.524335
1543   -0.525877
1544   -0.523161
1545   -0.525084
1546   -0.525447
1547   -0.526139
1548   -0.525242
1549   -0.5258
1550   -0.52622
1551   -0.526117
1552   -0.524754
1553   -0.525286
1554   -0.526078
1555   -0.526238
1556   -0.526858
1557   -0.525043
1558   -0.526274
1559   -0.526671
1560   -0.525419
1561   -0.526121
1562   -0.526405
1563   -0.525929
1564   -0.52601
1565   -0.527078
1566   -0.526253
1567   -0.526674
1568   -0.525488
1569   -0.526006
1570   -0.523235
1571   -0.526502
1572   -0.526959
1573   -0.525625
1574   -0.527081
1575   -0.518096
1576   -0.526487
1577   -0.526203
1578   -0.52668
1579   -0.526464
1580   -0.526378
1581   -0.525149
1582   -0.526303
1583   -0.526575
1584   -0.526795
1585   -0.527239
1586   -0.526434
1587   -0.526472
1588   -0.525355
1589   -0.525254
1590   -0.526462
1591   -0.525433
1592   -0.527025
1593   -0.526433
1594   -0.525894
1595   -0.526008
1596   -0.525997
1597   -0.526665
1598   -0.525476
1599   -0.52578
1600   -0.525413
1601   -0.52527
1602   -0.526625
1603   -0.525484
1604   -0.526477
1605   -0.526135
1606   -0.526687
1607   -0.521754
1608   -0.526433
1609   -0.526458
1610   -0.527235
1611   -0.526468
1612   -0.526594
1613   -0.526306
1614   -0.526506
1615   -0.526445
1616   -0.525065
1617   -0.52639
1618   -0.525958
1619   -0.525578
1620   -0.526923
1621   -0.52656
1622   -0.524158
1623   -0.524881
1624   -0.526174
1625   -0.526599
1626   -0.52793
1627   -0.526214
1628   -0.526196
1629   -0.526306
1630   -0.525878
1631   -0.52705
1632   -0.527164
1633   -0.526245
1634   -0.526198
1635   -0.525404
1636   -0.526639
1637   -0.525149
1638   -0.526768
1639   -0.526672
1640   -0.524984
1641   -0.526143
1642   -0.526252
1643   -0.525483
1644   -0.525985
1645   -0.526738
1646   -0.526165
1647   -0.525335
1648   -0.526292
1649   -0.525625
1650   -0.526328
1651   -0.526138
1652   -0.526155
1653   -0.526441
1654   -0.526319
1655   -0.525643
1656   -0.526243
1657   -0.526517
1658   -0.526967
1659   -0.527147
1660   -0.526702
1661   -0.525919
1662   -0.525094
1663   -0.526308
1664   -0.526056
1665   -0.52632
1666   -0.527244
1667   -0.526134
1668   -0.525212
1669   -0.52698
1670   -0.527095
1671   -0.526823
1672   -0.518067
1673   -0.525044
1674   -0.524415
1675   -0.525314
1676   -0.525808
1677   -0.525949
1678   -0.525577
1679   -0.524247
1680   -0.526277
1681   -0.523592
1682   -0.524869
1683   -0.526487
1684   -0.525673
1685   -0.526359
1686   -0.526444
1687   -0.526271
1688   -0.525472
1689   -0.526639
1690   -0.526432
1691   -0.524299
1692   -0.525438
1693   -0.526473
1694   -0.525461
1695   -0.526177
1696   -0.525604
1697   -0.526793
1698   -0.52644
1699   -0.524299
1700   -0.526242
1701   -0.526029
1702   -0.526764
1703   -0.525374
1704   -0.526182
1705   -0.525348
1706   -0.513711
1707   -0.525436
1708   -0.525667
1709   -0.526452
1710   -0.524752
1711   -0.520838
1712   -0.52546
1713   -0.52678
1714   -0.526013
1715   -0.526614
1716   -0.525833
1717   -0.526286
1718   -0.526825
1719   -0.524796
1720   -0.525155
1721   -0.525617
1722   -0.526446
1723   -0.5269
1724   -0.524641
1725   -0.524614
1726   -0.525585
1727   -0.526403
1728   -0.526099
1729   -0.525742
1730   -0.526627
1731   -0.525826
1732   -0.526483
1733   -0.52613
1734   -0.526365
1735   -0.526302
1736   -0.524865
1737   -0.526077
1738   -0.525065
1739   -0.525508
1740   -0.526609
1741   -0.525779
1742   -0.526177
1743   -0.52599
1744   -0.526304
1745   -0.526117
1746   -0.52665
1747   -0.526249
1748   -0.526534
1749   -0.526157
1750   -0.524487
1751   -0.526484
1752   -0.526842
1753   -0.526173
1754   -0.525571
1755   -0.527446
1756   -0.525607
1757   -0.525706
1758   -0.526445
1759   -0.526464
1760   -0.526312
1761   -0.52694
1762   -0.526567
1763   -0.520989
1764   -0.526569
1765   -0.526384
1766   -0.526021
1767   -0.524798
1768   -0.526402
1769   -0.526524
1770   -0.525923
1771   -0.525503
1772   -0.526568
1773   -0.526151
1774   -0.524318
1775   -0.525211
1776   -0.524606
1777   -0.526056
1778   -0.526875
1779   -0.527108
1780   -0.526476
1781   -0.525691
1782   -0.524989
1783   -0.502871
1784   -0.524722
1785   -0.525148
1786   -0.525268
1787   -0.524829
1788   -0.52552
1789   -0.52675
1790   -0.524583
1791   -0.526153
1792   -0.524734
1793   -0.525318
1794   -0.525538
1795   -0.525527
1796   -0.525684
1797   -0.526112
1798   -0.52615
1799   -0.525236
1800   -0.526551
1801   -0.525595
1802   -0.52628
1803   -0.526504
1804   -0.525452
1805   -0.525464
1806   -0.525929
1807   -0.525623
1808   -0.525763
1809   -0.525761
1810   -0.526015
1811   -0.52558
1812   -0.52595
1813   -0.517424
1814   -0.526134
1815   -0.526019
1816   -0.525073
1817   -0.526259
1818   -0.525528
1819   -0.525911
1820   -0.525372
1821   -0.525886
1822   -0.526311
1823   -0.526978
1824   -0.526277
1825   -0.524272
1826   -0.524715
1827   -0.527179
1828   -0.523968
1829   -0.525476
1830   -0.526389
1831   -0.526171
1832   -0.526423
1833   -0.525714
1834   -0.524986
1835   -0.526651
1836   -0.525455
1837   -0.526364
1838   -0.526535
1839   -0.526112
1840   -0.526197
1841   -0.527004
1842   -0.526649
1843   -0.526002
1844   -0.52633
1845   -0.526094
1846   -0.526132
1847   -0.526664
1848   -0.525582
1849   -0.526547
1850   -0.527361
1851   -0.525731
1852   -0.524071
1853   -0.5263
1854   -0.523722
1855   -0.526233
1856   -0.527149
1857   -0.526408
1858   -0.526393
1859   -0.525636
1860   -0.52697
1861   -0.52645
1862   -0.52628
1863   -0.526432
1864   -0.52612
1865   -0.527268
1866   -0.524316
1867   -0.526761
1868   -0.526618
1869   -0.525635
1870   -0.526594
1871   -0.52535
1872   -0.525877
1873   -0.517362
1874   -0.52655
1875   -0.525488
1876   -0.5263
1877   -0.402735
1878   -0.00193397
1879   -0.0357274
1880   -0.0385142
1881   -0.0681822
1882   -0.0987012
1883   -0.149367
1884   -0.157038
1885   -0.183925
1886   -0.214796
1887   -0.214143
1888   -0.274277
1889   -0.284082
1890   -0.285083
1891   -0.297699
1892   -0.302271
1893   -0.321692
1894   -0.32434
1895   -0.345048
1896   -0.348256
1897   -0.365854
1898   -0.369465
1899   -0.384849
1900   -0.386061
1901   -0.412424
1902   -0.403896
1903   -0.407492
1904   -0.423881
1905   -0.420175
1906   -0.417589
1907   -0.424684
1908   -0.437743
1909   -0.439253
1910   -0.445547
1911   -0.442277
1912   -0.451627
1913   -0.453509
1914   -0.459491
1915   -0.456497
1916   -0.458196
1917   -0.468273
1918   -0.4697
1919   -0.464214
1920   -0.47701
1921   -0.476948
1922   -0.467991
1923   -0.477352
1924   -0.477445
1925   -0.4804
1926   -0.483879
1927   -0.481462
1928   -0.488411
1929   -0.486766
1930   -0.485916
1931   -0.491166
1932   -0.488657
1933   -0.492675
1934   -0.489089
1935   -0.492673
1936   -0.49316
1937   -0.494158
1938   -0.487605
1939   -0.495144
1940   -0.496745
1941   -0.499728
1942   -0.501956
1943   -0.499758
1944   -0.502093
1945   -0.501859
1946   -0.503939
1947   -0.501211
1948   -0.506123
1949   -0.502622
1950   -0.504289
1951   -0.508153
1952   -0.508284
1953   -0.508399
1954   -0.508772
1955   -0.506273
1956   -0.508117
1957   -0.509658
1958   -0.511842
1959   -0.508304
1960   -0.5124
1961   -0.510173
1962   -0.509875
1963   -0.51368
1964   -0.51222
1965   -0.510074
1966   -0.511839
1967   -0.513622
1968   -0.511899
1969   -0.514576
1970   -0.514623
1971   -0.515781
1972   -0.513143
1973   -0.514348
1974   -0.515428
1975   -0.513955
1976   -0.51643
1977   -0.516783
1978   -0.515754
1979   -0.517335
1980   -0.512692
1981   -0.516045
1982   -0.518505
1983   -0.518139
1984   -0.515108
1985   -0.517231
1986   -0.520314
1987   -0.51606
1988   -0.520725
1989   -0.517964
1990   -0.51947
1991   -0.519592
1992   -0.518855
1993   -0.519083
1994   -0.520867
1995   -0.520683
1996   -0.519221
1997   -0.519297
1998   -0.518161
1999   -0.51917
