0   -1.11752
1   -1.11008
2   -1.1218
3   -1.12845
4   -1.14373
5   -1.14554
6   -1.15494
7   -1.16844
8   -1.16916
9   -1.17196
10   -1.17922
11   -1.18104
12   -1.18472
13   -1.19851
14   -1.20197
15   -1.20261
16   -1.2058
17   -1.21283
18   -1.21564
19   -1.21521
20   -1.21993
21   -1.22534
22   -1.22879
23   -1.22901
24   -1.23596
25   -1.23588
26   -1.23688
27   -1.23969
28   -1.24556
29   -1.24863
30   -1.24381
31   -1.24989
32   -1.25476
33   -1.25231
34   -1.25916
35   -1.25151
36   -1.25524
37   -1.25509
38   -1.25814
39   -1.26033
40   -1.26548
41   -1.26096
42   -1.262
43   -1.26338
44   -1.27128
45   -1.27111
46   -1.26618
47   -1.26714
48   -1.27158
49   -1.2722
50   -1.27383
51   -1.27289
52   -1.277
53   -1.27565
54   -1.27344
55   -1.27391
56   -1.27759
57   -1.27647
58   -1.27853
59   -1.27615
60   -1.2789
61   -1.28037
62   -1.28075
63   -1.28143
64   -1.28112
65   -1.28087
66   -1.28151
67   -1.28262
68   -1.28117
69   -1.28519
70   -1.28367
71   -1.28226
72   -1.283
73   -1.28602
74   -1.28411
75   -1.2867
76   -1.28655
77   -1.28358
78   -1.28539
79   -1.28674
80   -1.28507
81   -1.28955
82   -1.28831
83   -1.28746
84   -1.28987
85   -1.28955
86   -1.28815
87   -1.28803
88   -1.28891
89   -1.28837
90   -1.28959
91   -1.28816
92   -1.29083
93   -1.28927
94   -1.29036
95   -1.28969
96   -1.29175
97   -1.29061
98   -1.29127
99   -1.2912
100   -1.29024
101   -1.291
102   -1.29039
103   -1.29191
104   -1.29085
105   -1.29197
106   -1.29202
107   -1.29321
108   -1.29132
109   -1.29208
110   -1.29147
111   -1.29124
112   -1.29206
113   -1.2921
114   -1.2922
115   -1.2936
116   -1.29154
117   -1.29196
118   -1.29404
119   -1.29293
120   -1.29285
121   -1.2934
122   -1.29288
123   -1.29389
124   -1.29259
125   -1.29357
126   -1.29322
127   -1.29326
128   -1.29304
129   -1.29348
130   -1.29302
131   -1.2926
132   -1.29378
133   -1.29344
134   -1.29343
135   -1.29313
136   -1.29372
137   -1.29375
138   -1.29421
139   -1.29388
140   -1.29398
141   -1.29388
142   -1.29362
143   -1.29312
144   -1.29339
145   -1.29327
146   -1.29378
147   -1.29359
148   -1.29428
149   -1.29409
150   -1.29304
151   -1.29407
152   -1.29354
153   -1.29376
154   -1.29328
155   -1.29398
156   -1.29348
157   -1.29394
158   -1.294
159   -1.29405
160   -1.29395
161   -1.29372
162   -1.2942
163   -1.29434
164   -1.29407
165   -1.29402
166   -1.29404
167   -1.29379
168   -1.29362
169   -1.29395
170   -1.29433
171   -1.29412
172   -1.2941
173   -1.29407
174   -1.29422
175   -1.29427
176   -1.29425
177   -1.29449
178   -1.29424
179   -1.29438
180   -1.29408
181   -1.29402
182   -1.29398
183   -1.29431
184   -1.29425
185   -1.29424
186   -1.29445
187   -1.2943
188   -1.29382
189   -1.29455
190   -1.29426
191   -1.29455
192   -1.29418
193   -1.29431
194   -1.29393
195   -1.29408
196   -1.29459
197   -1.29418
198   -1.29404
199   -1.29438
200   -1.29434
201   -1.29382
202   -1.29392
203   -1.29446
204   -1.29418
205   -1.2944
206   -1.29457
207   -1.29479
208   -1.29433
209   -1.2946
210   -1.29445
211   -1.294
212   -1.29432
213   -1.29408
214   -1.29429
215   -1.29416
216   -1.29416
217   -1.29404
218   -1.29425
219   -1.29409
220   -1.2942
221   -1.2944
222   -1.29392
223   -1.29414
224   -1.29432
225   -1.29437
226   -1.29379
227   -1.29397
228   -1.29447
229   -1.29439
230   -1.29398
231   -1.29448
232   -1.29415
233   -1.29441
234   -1.29425
235   -1.29423
236   -1.29419
237   -1.29402
238   -1.29419
239   -1.29403
240   -1.29426
241   -1.2943
242   -1.29403
243   -1.29416
244   -1.29431
245   -1.29455
246   -1.29447
247   -1.29433
248   -1.29422
249   -1.29417
250   -1.29437
251   -1.29405
252   -1.29425
253   -1.29421
254   -1.29444
255   -1.29445
256   -1.29431
257   -1.2945
258   -1.29446
259   -1.29432
260   -1.29423
261   -1.29435
262   -1.29437
263   -1.29401
264   -1.29443
265   -1.29433
266   -1.29433
267   -1.2944
268   -1.29409
269   -1.29461
270   -1.29458
271   -1.29419
272   -1.29445
273   -1.2943
274   -1.29415
275   -1.2942
276   -1.29439
277   -1.29433
278   -1.29445
279   -1.29414
280   -1.29416
281   -1.29448
282   -1.29425
283   -1.29435
284   -1.29436
285   -1.29422
286   -1.29441
287   -1.29426
288   -1.29428
289   -1.29428
290   -1.29432
291   -1.29438
292   -1.29446
293   -1.29422
294   -1.29429
295   -1.29446
296   -1.29422
297   -1.2947
298   -1.29431
299   -1.29447
300   -1.29419
301   -1.2942
302   -1.29414
303   -1.29445
304   -1.29419
305   -1.29424
306   -1.29453
307   -1.29423
308   -1.29447
309   -1.29412
310   -1.29437
311   -1.29461
312   -1.29447
313   -1.29422
314   -1.29419
315   -1.29424
316   -1.29449
317   -1.29443
318   -1.29433
319   -1.29441
320   -1.29455
321   -1.2945
322   -1.29425
323   -1.29426
324   -1.29434
325   -1.29434
326   -1.2944
327   -1.29458
328   -1.29409
329   -1.29421
330   -1.29449
331   -1.2945
332   -1.29435
333   -1.29442
334   -1.29435
335   -1.29437
336   -1.29439
337   -1.29452
338   -1.29442
339   -1.29411
340   -1.29403
341   -1.29448
342   -1.29436
343   -1.29414
344   -1.29438
345   -1.2944
346   -1.29449
347   -1.29419
348   -1.29448
349   -1.29451
350   -1.29428
351   -1.29449
352   -1.29437
353   -1.29439
354   -1.29441
355   -1.29424
356   -1.29442
357   -1.29435
358   -1.2945
359   -1.2944
360   -1.29431
361   -1.29442
362   -1.29433
363   -1.29436
364   -1.29437
365   -1.29419
366   -1.29453
367   -1.29467
368   -1.2943
369   -1.29435
370   -1.29444
371   -1.29436
372   -1.29433
373   -1.29438
374   -1.29434
375   -1.29434
376   -1.29456
377   -1.29457
378   -1.29439
379   -1.29456
380   -1.29443
381   -1.2943
382   -1.29451
383   -1.29445
384   -1.29465
385   -1.2942
386   -1.29448
387   -1.2943
388   -1.29439
389   -1.29406
390   -1.29453
391   -1.29437
392   -1.29454
393   -1.29431
394   -1.2944
395   -1.29445
396   -1.29427
397   -1.29407
398   -1.29438
399   -1.29418
400   -1.29441
401   -1.29428
402   -1.29449
403   -1.29459
404   -1.29439
405   -1.29455
406   -1.29427
407   -1.29428
408   -1.29463
409   -1.29448
410   -1.29461
411   -1.29451
412   -1.29461
413   -1.29427
414   -1.29453
415   -1.29417
416   -1.29423
417   -1.29446
418   -1.29409
419   -1.29444
420   -1.29456
421   -1.29447
422   -1.29456
423   -1.29453
424   -1.29425
425   -1.29432
426   -1.29451
427   -1.29436
428   -1.29443
429   -1.29444
430   -1.29437
431   -1.29435
432   -1.29459
433   -1.2944
434   -1.29436
435   -1.29434
436   -1.29418
437   -1.29443
438   -1.29424
439   -1.29435
440   -1.29439
441   -1.29446
442   -1.29429
443   -1.29425
444   -1.29447
445   -1.2944
446   -1.29424
447   -1.29449
448   -1.29422
449   -1.29448
450   -1.29434
451   -1.29427
452   -1.29445
453   -1.29444
454   -1.29437
455   -1.29441
456   -1.29421
457   -1.29442
458   -1.2943
459   -1.29428
