0   -0.0962682
1   -0.132006
2   -0.148174
3   -0.161098
4   -0.193551
5   -0.203042
6   -0.227439
7   -0.245886
8   -0.247304
9   -0.269099
10   -0.290462
11   -0.284587
12   -0.317666
13   -0.324601
14   -0.318965
15   -0.3381
16   -0.347577
17   -0.362179
18   -0.378087
19   -0.367899
20   -0.392231
21   -0.382199
22   -0.395395
23   -0.401581
24   -0.40165
25   -0.40888
26   -0.405816
27   -0.426957
28   -0.430083
29   -0.431584
30   -0.435931
31   -0.447678
32   -0.445158
33   -0.430713
34   -0.44578
35   -0.44991
36   -0.452874
37   -0.457652
38   -0.456165
39   -0.456551
40   -0.466177
41   -0.467117
42   -0.470537
43   -0.467529
44   -0.472783
45   -0.476622
46   -0.473205
47   -0.475999
48   -0.483944
49   -0.482064
50   -0.479966
51   -0.491242
52   -0.498255
53   -0.49342
54   -0.497047
55   -0.489762
56   -0.496095
57   -0.495991
58   -0.502117
59   -0.500101
60   -0.500301
61   -0.497359
62   -0.507721
63   -0.511804
64   -0.507804
65   -0.513981
66   -0.513183
67   -0.512093
68   -0.5065
69   -0.507666
70   -0.522344
71   -0.525213
72   -0.5199
73   -0.523332
74   -0.522993
75   -0.525128
76   -0.525262
77   -0.521643
78   -0.530936
79   -0.52834
80   -0.524697
81   -0.531282
82   -0.527997
83   -0.534016
84   -0.526837
85   -0.534767
86   -0.535568
87   -0.529528
88   -0.541513
89   -0.539995
90   -0.534612
91   -0.546574
92   -0.539131
93   -0.545932
94   -0.541474
95   -0.543211
96   -0.543121
97   -0.555726
98   -0.542361
99   -0.540114
100   -0.544537
101   -0.540532
102   -0.54828
103   -0.549534
104   -0.547149
105   -0.549724
106   -0.545564
107   -0.552633
108   -0.548763
109   -0.544958
110   -0.551514
111   -0.55166
112   -0.550913
113   -0.552589
114   -0.554254
115   -0.556884
116   -0.554367
117   -0.558311
118   -0.553608
119   -0.553044
120   -0.554655
121   -0.560322
122   -0.55525
123   -0.559469
124   -0.559776
125   -0.553638
126   -0.555377
127   -0.561264
128   -0.56247
129   -0.554679
130   -0.554499
131   -0.563196
132   -0.558388
133   -0.555941
134   -0.5569
135   -0.559586
136   -0.560573
137   -0.556446
138   -0.55704
139   -0.553165
140   -0.563585
141   -0.56076
142   -0.563617
143   -0.560573
144   -0.564432
145   -0.561934
146   -0.560115
147   -0.563274
148   -0.55719
149   -0.56416
150   -0.562424
151   -0.562953
152   -0.558689
153   -0.562646
154   -0.56429
155   -0.569348
156   -0.562742
157   -0.563444
158   -0.563012
159   -0.562363
160   -0.559458
161   -0.567613
162   -0.566851
163   -0.570756
164   -0.566958
165   -0.56369
166   -0.561543
167   -0.565115
168   -0.565352
169   -0.567049
170   -0.564508
171   -0.567124
172   -0.566656
173   -0.564133
174   -0.56329
175   -0.564628
176   -0.568522
177   -0.567504
178   -0.569607
179   -0.567053
180   -0.568788
181   -0.567532
182   -0.564359
183   -0.562141
184   -0.569712
185   -0.573398
186   -0.565872
187   -0.569213
188   -0.566607
189   -0.569122
190   -0.567442
191   -0.571176
192   -0.573116
193   -0.573779
194   -0.571264
195   -0.574089
196   -0.572172
197   -0.570248
198   -0.568886
199   -0.569986
200   -0.567564
201   -0.566022
202   -0.570771
203   -0.570767
204   -0.5713
205   -0.569805
206   -0.570411
207   -0.568033
208   -0.575743
209   -0.568016
210   -0.565947
211   -0.569657
212   -0.571475
213   -0.569774
214   -0.56884
215   -0.569395
216   -0.570176
217   -0.570545
218   -0.577446
219   -0.57044
220   -0.574643
221   -0.573334
222   -0.569034
223   -0.573353
224   -0.571979
225   -0.572404
226   -0.576987
227   -0.568983
228   -0.573968
229   -0.573698
230   -0.576077
231   -0.56909
232   -0.570621
233   -0.57674
234   -0.570095
235   -0.574478
236   -0.570976
237   -0.566255
238   -0.567509
239   -0.574454
240   -0.575937
241   -0.575345
242   -0.570514
243   -0.572107
244   -0.574575
245   -0.573856
246   -0.574206
247   -0.576307
248   -0.575326
249   -0.576562
250   -0.574404
251   -0.571351
252   -0.574264
253   -0.573664
254   -0.571981
255   -0.57338
256   -0.575497
257   -0.570677
258   -0.578289
259   -0.573768
260   -0.571315
261   -0.574335
262   -0.575764
263   -0.57214
264   -0.574067
265   -0.573994
266   -0.575416
267   -0.574935
268   -0.57593
269   -0.573638
270   -0.574479
271   -0.572988
272   -0.575733
273   -0.569548
274   -0.573539
275   -0.57126
276   -0.573127
277   -0.572539
278   -0.572134
279   -0.571122
280   -0.572026
281   -0.572248
282   -0.571822
283   -0.572542
284   -0.575769
285   -0.575662
286   -0.575467
287   -0.574115
288   -0.573764
289   -0.574712
290   -0.568734
291   -0.571385
292   -0.576082
293   -0.57549
294   -0.575504
295   -0.575693
296   -0.578344
297   -0.577034
298   -0.574167
299   -0.572985
300   -0.580761
301   -0.577488
302   -0.572747
303   -0.574957
304   -0.576221
305   -0.572122
306   -0.572631
307   -0.573755
308   -0.571313
309   -0.573269
310   -0.574806
311   -0.570977
312   -0.573998
313   -0.57329
314   -0.577751
315   -0.572488
316   -0.576808
317   -0.578121
318   -0.573384
319   -0.5741
320   -0.574206
321   -0.576325
322   -0.574312
323   -0.577758
324   -0.574766
325   -0.573873
326   -0.573769
327   -0.574182
328   -0.576657
329   -0.574801
330   -0.574835
331   -0.577051
332   -0.571417
333   -0.57545
334   -0.571907
335   -0.573317
336   -0.578642
337   -0.575487
338   -0.574388
339   -0.576645
340   -0.579205
341   -0.576348
342   -0.57409
343   -0.575755
344   -0.573744
345   -0.575178
346   -0.578915
347   -0.577215
348   -0.577069
349   -0.575373
350   -0.574636
351   -0.575087
352   -0.577667
353   -0.578241
354   -0.575059
355   -0.578003
356   -0.577869
357   -0.575079
358   -0.575307
359   -0.578921
360   -0.572555
361   -0.577409
362   -0.573542
363   -0.574331
364   -0.576314
365   -0.577548
366   -0.578496
367   -0.577435
368   -0.578573
369   -0.57672
370   -0.578139
371   -0.573817
372   -0.575949
373   -0.578376
374   -0.575594
375   -0.578609
376   -0.578366
377   -0.577995
378   -0.576831
379   -0.573963
380   -0.576055
381   -0.579493
382   -0.579011
383   -0.577458
384   -0.577708
385   -0.580393
386   -0.577054
387   -0.575268
388   -0.57901
389   -0.578145
390   -0.579733
391   -0.575958
392   -0.576834
393   -0.576341
394   -0.580502
395   -0.578627
396   -0.575987
397   -0.572927
398   -0.575997
399   -0.580332
400   -0.576166
401   -0.578457
402   -0.577453
403   -0.576856
404   -0.579014
405   -0.575495
406   -0.576352
407   -0.576202
408   -0.575739
409   -0.576022
410   -0.578307
411   -0.577442
412   -0.576811
413   -0.576879
414   -0.579067
415   -0.581766
416   -0.578509
417   -0.574995
418   -0.575995
419   -0.577052
420   -0.579496
421   -0.576378
422   -0.578182
423   -0.576402
424   -0.577836
425   -0.578163
426   -0.576514
427   -0.576875
428   -0.576255
429   -0.577093
430   -0.577777
431   -0.576705
432   -0.575839
433   -0.579803
434   -0.578468
435   -0.574672
436   -0.577987
437   -0.582109
438   -0.580071
439   -0.578358
440   -0.5797
441   -0.578925
442   -0.575826
443   -0.576438
444   -0.577892
445   -0.574486
446   -0.57731
447   -0.575085
448   -0.57566
449   -0.577938
450   -0.576745
451   -0.578396
452   -0.578035
453   -0.57945
454   -0.576722
455   -0.580089
456   -0.575131
457   -0.5752
458   -0.574776
459   -0.577816
460   -0.578568
461   -0.577952
462   -0.578349
463   -0.579613
464   -0.580515
465   -0.577846
466   -0.579132
467   -0.577516
468   -0.577382
469   -0.579787
470   -0.575824
471   -0.577048
472   -0.578591
473   -0.577402
474   -0.578012
475   -0.58076
476   -0.57806
477   -0.577927
478   -0.578415
479   -0.577482
480   -0.581039
481   -0.574522
482   -0.578826
483   -0.576136
484   -0.577292
485   -0.577318
486   -0.577994
487   -0.581201
488   -0.579541
489   -0.577809
490   -0.577831
491   -0.578244
492   -0.579468
493   -0.576682
494   -0.576095
495   -0.577818
496   -0.577551
497   -0.575989
498   -0.57852
499   -0.57705
500   -0.576034
501   -0.57882
502   -0.578969
503   -0.57543
504   -0.581461
505   -0.574992
506   -0.579132
507   -0.575339
508   -0.575469
509   -0.580423
510   -0.579394
511   -0.577407
512   -0.579731
513   -0.579417
514   -0.581126
515   -0.579519
516   -0.578684
517   -0.578802
518   -0.578665
519   -0.578788
520   -0.578873
521   -0.576559
522   -0.579701
523   -0.578321
524   -0.57944
525   -0.580481
526   -0.578224
527   -0.578419
528   -0.578159
529   -0.57977
530   -0.574354
531   -0.577866
532   -0.580556
533   -0.579991
534   -0.579731
535   -0.577909
536   -0.57753
537   -0.578758
538   -0.57872
539   -0.576141
540   -0.573575
541   -0.575703
542   -0.577165
543   -0.580366
544   -0.578896
545   -0.577986
546   -0.576365
547   -0.577176
548   -0.577073
549   -0.578574
550   -0.579815
551   -0.580168
552   -0.578376
553   -0.57882
554   -0.580073
555   -0.577892
556   -0.578276
557   -0.57868
558   -0.578092
559   -0.574973
560   -0.57884
561   -0.579832
562   -0.579143
563   -0.57812
564   -0.58029
565   -0.580443
566   -0.577266
567   -0.576632
568   -0.579228
569   -0.58437
570   -0.578782
571   -0.57838
572   -0.58134
573   -0.577167
574   -0.582202
575   -0.580446
576   -0.579792
577   -0.580291
578   -0.578113
579   -0.580811
580   -0.580663
581   -0.580471
582   -0.579977
583   -0.578632
584   -0.579192
585   -0.578507
586   -0.57905
587   -0.578026
588   -0.577924
589   -0.578274
590   -0.58217
591   -0.579467
592   -0.577039
593   -0.576297
594   -0.581413
595   -0.57916
596   -0.578903
597   -0.581599
598   -0.579737
599   -0.583883
600   -0.577793
601   -0.578928
602   -0.578518
603   -0.5817
604   -0.576959
605   -0.57901
606   -0.57875
607   -0.576253
608   -0.577492
609   -0.578513
610   -0.578747
611   -0.582087
612   -0.578449
613   -0.577417
614   -0.579362
615   -0.578816
616   -0.57911
617   -0.57761
618   -0.582097
619   -0.583193
620   -0.577305
621   -0.582126
622   -0.57672
623   -0.578122
624   -0.578889
625   -0.577398
626   -0.579377
627   -0.58013
628   -0.578952
629   -0.578937
630   -0.580226
631   -0.578542
632   -0.577257
633   -0.579023
634   -0.580263
635   -0.581296
636   -0.582244
637   -0.577321
638   -0.583376
639   -0.583662
640   -0.576722
641   -0.581637
642   -0.577903
643   -0.580866
644   -0.577907
645   -0.580889
646   -0.582921
647   -0.577325
648   -0.578401
649   -0.579194
650   -0.580257
651   -0.57868
652   -0.58028
653   -0.578855
654   -0.579656
655   -0.580183
656   -0.576929
657   -0.581192
658   -0.579418
659   -0.578028
660   -0.578177
661   -0.577613
662   -0.580826
663   -0.578032
664   -0.576704
665   -0.580426
666   -0.580838
667   -0.579112
668   -0.578441
669   -0.578414
670   -0.577497
671   -0.580624
672   -0.577767
673   -0.579497
674   -0.580894
675   -0.580129
676   -0.580237
677   -0.579856
678   -0.576389
679   -0.57818
680   -0.578585
681   -0.580625
682   -0.575821
683   -0.578355
684   -0.579102
685   -0.578421
686   -0.581859
687   -0.578733
688   -0.578096
689   -0.578814
690   -0.579773
691   -0.580496
692   -0.576294
693   -0.577814
694   -0.577057
695   -0.578708
696   -0.58141
697   -0.581498
698   -0.579229
699   -0.579189
700   -0.578226
701   -0.577819
702   -0.580982
703   -0.581349
704   -0.581731
705   -0.580835
706   -0.578757
707   -0.578291
708   -0.580079
709   -0.578733
710   -0.577875
711   -0.579967
712   -0.579332
713   -0.578208
714   -0.578991
715   -0.578257
716   -0.580018
717   -0.580935
718   -0.580166
719   -0.579203
720   -0.580767
721   -0.580219
722   -0.580516
723   -0.580036
724   -0.57776
725   -0.581031
726   -0.577015
727   -0.578394
728   -0.580108
729   -0.577175
730   -0.578969
731   -0.579864
732   -0.579445
733   -0.580124
734   -0.582
735   -0.579404
736   -0.579111
737   -0.579752
738   -0.582799
739   -0.582073
740   -0.583091
741   -0.579452
742   -0.577771
743   -0.577474
744   -0.581042
745   -0.576769
746   -0.581946
747   -0.57704
748   -0.580358
749   -0.581606
750   -0.579643
751   -0.580997
752   -0.580532
753   -0.578519
754   -0.579898
755   -0.577952
756   -0.580259
757   -0.582019
758   -0.580018
759   -0.582193
760   -0.578759
761   -0.58215
762   -0.579123
763   -0.57922
764   -0.578912
765   -0.575679
766   -0.580032
767   -0.579928
768   -0.579776
769   -0.580697
770   -0.581093
771   -0.582017
772   -0.579744
773   -0.579626
774   -0.580807
775   -0.578605
776   -0.580516
777   -0.579996
778   -0.579448
779   -0.579941
780   -0.582988
781   -0.58209
782   -0.580761
783   -0.580551
784   -0.580307
785   -0.580825
786   -0.578326
787   -0.579706
788   -0.578138
789   -0.581018
790   -0.580755
791   -0.57997
792   -0.580451
793   -0.578547
794   -0.582287
795   -0.581791
796   -0.5804
797   -0.577045
798   -0.579634
799   -0.578769
800   -0.580222
801   -0.577513
802   -0.579014
803   -0.578688
804   -0.580933
805   -0.579183
806   -0.581616
807   -0.580598
808   -0.582216
809   -0.578376
810   -0.582882
811   -0.581558
812   -0.58066
813   -0.580483
814   -0.578017
815   -0.579875
816   -0.583795
817   -0.578545
818   -0.577738
819   -0.580025
820   -0.578797
821   -0.581598
822   -0.582541
823   -0.585373
824   -0.58205
825   -0.579632
826   -0.579965
827   -0.580302
828   -0.577969
829   -0.577413
830   -0.5781
831   -0.579735
832   -0.580794
833   -0.581154
834   -0.579153
835   -0.579188
836   -0.57894
837   -0.580708
838   -0.577505
839   -0.580035
840   -0.580353
841   -0.579586
842   -0.577162
843   -0.581718
844   -0.581792
845   -0.581135
846   -0.578298
847   -0.577932
848   -0.579034
849   -0.578741
850   -0.580641
851   -0.577317
852   -0.580375
853   -0.578577
854   -0.579402
855   -0.579172
856   -0.580821
857   -0.5794
858   -0.580862
859   -0.57975
860   -0.578852
861   -0.57923
862   -0.579875
863   -0.579098
864   -0.577061
865   -0.580835
866   -0.581155
867   -0.578296
868   -0.577293
869   -0.577432
870   -0.580299
871   -0.580309
872   -0.581278
873   -0.57812
874   -0.581338
875   -0.57973
876   -0.578936
877   -0.579707
878   -0.581307
879   -0.578685
880   -0.578282
881   -0.583111
882   -0.581976
883   -0.581965
884   -0.578946
885   -0.580884
886   -0.579494
887   -0.580088
888   -0.581443
889   -0.579217
890   -0.580307
891   -0.580209
892   -0.583561
893   -0.582637
894   -0.583392
895   -0.579079
896   -0.57957
897   -0.580609
898   -0.581123
899   -0.583881
900   -0.578626
901   -0.583162
902   -0.580342
903   -0.577627
904   -0.581996
905   -0.579067
906   -0.577543
907   -0.57906
908   -0.580171
909   -0.582485
910   -0.583095
911   -0.579525
912   -0.580523
913   -0.579546
914   -0.582671
915   -0.579963
916   -0.58049
917   -0.579529
918   -0.578092
919   -0.579641
920   -0.58184
921   -0.580657
922   -0.580042
923   -0.581311
924   -0.579159
925   -0.579615
926   -0.580724
927   -0.580688
928   -0.581569
929   -0.576249
930   -0.579695
931   -0.577855
932   -0.579542
933   -0.580209
934   -0.579922
935   -0.580491
936   -0.581609
937   -0.580867
938   -0.580974
939   -0.579943
940   -0.581629
941   -0.577403
942   -0.580441
943   -0.578508
944   -0.579055
945   -0.582378
946   -0.58132
947   -0.580599
948   -0.579813
949   -0.580362
950   -0.579245
951   -0.58072
952   -0.57946
953   -0.582186
954   -0.579363
955   -0.582425
956   -0.582156
957   -0.581761
958   -0.579355
959   -0.580944
960   -0.581684
961   -0.582152
962   -0.57797
963   -0.579734
964   -0.57957
965   -0.580159
966   -0.581911
967   -0.58108
968   -0.579686
969   -0.580072
970   -0.580119
971   -0.579812
972   -0.580096
973   -0.579049
974   -0.579047
975   -0.580463
976   -0.580846
977   -0.580069
978   -0.578501
979   -0.579354
980   -0.579293
981   -0.584092
982   -0.580901
983   -0.580394
984   -0.581616
985   -0.58275
986   -0.580173
987   -0.580715
988   -0.581616
989   -0.581253
990   -0.579702
991   -0.578195
992   -0.58404
993   -0.582385
994   -0.579558
995   -0.582885
996   -0.583736
997   -0.582159
998   -0.579905
999   -0.581809
1000   -0.578833
1001   -0.580045
1002   -0.580252
1003   -0.581505
1004   -0.578919
1005   -0.58007
1006   -0.579077
1007   -0.579862
1008   -0.578761
1009   -0.581823
1010   -0.581517
1011   -0.580525
1012   -0.581557
1013   -0.580419
1014   -0.581877
1015   -0.578725
1016   -0.579422
1017   -0.58047
1018   -0.580357
1019   -0.579432
1020   -0.579744
1021   -0.578252
1022   -0.586702
1023   -0.57928
1024   -0.578801
1025   -0.579264
1026   -0.580627
1027   -0.579983
1028   -0.580233
1029   -0.580804
1030   -0.580818
1031   -0.579892
1032   -0.578708
1033   -0.57947
1034   -0.580515
1035   -0.580623
1036   -0.579867
1037   -0.579921
1038   -0.581722
1039   -0.579379
1040   -0.580881
1041   -0.580386
1042   -0.579971
1043   -0.577901
1044   -0.58045
1045   -0.579148
1046   -0.58145
1047   -0.580209
1048   -0.581932
1049   -0.583294
1050   -0.580994
1051   -0.580545
1052   -0.582111
1053   -0.579379
1054   -0.577654
1055   -0.580745
1056   -0.581732
1057   -0.580575
1058   -0.581124
1059   -0.581623
1060   -0.579129
1061   -0.580581
1062   -0.579092
1063   -0.581036
1064   -0.581573
1065   -0.581983
1066   -0.579854
1067   -0.580986
1068   -0.580562
1069   -0.581137
1070   -0.577738
1071   -0.583035
1072   -0.579286
1073   -0.58213
1074   -0.577761
1075   -0.580864
1076   -0.582442
1077   -0.580705
1078   -0.581977
1079   -0.57893
1080   -0.579388
1081   -0.581687
1082   -0.580997
1083   -0.579311
1084   -0.581277
1085   -0.581346
1086   -0.578537
1087   -0.582127
1088   -0.580849
1089   -0.57953
1090   -0.579049
1091   -0.580707
1092   -0.5823
1093   -0.580461
1094   -0.580278
1095   -0.582721
1096   -0.579284
1097   -0.582521
1098   -0.580515
1099   -0.577453
1100   -0.583822
1101   -0.579815
1102   -0.579651
1103   -0.578856
1104   -0.58087
1105   -0.58102
1106   -0.57919
1107   -0.581048
1108   -0.583273
1109   -0.582451
1110   -0.57927
1111   -0.580791
1112   -0.580629
1113   -0.579305
1114   -0.580064
1115   -0.58208
1116   -0.582397
1117   -0.579894
1118   -0.579907
1119   -0.57974
1120   -0.580458
1121   -0.580743
1122   -0.580362
1123   -0.578466
1124   -0.583536
1125   -0.581095
1126   -0.579801
1127   -0.582092
1128   -0.579866
1129   -0.579431
1130   -0.581754
1131   -0.582306
1132   -0.581025
1133   -0.579028
1134   -0.581318
1135   -0.580357
1136   -0.581184
1137   -0.580413
1138   -0.580353
1139   -0.581249
1140   -0.579344
1141   -0.578895
1142   -0.581059
1143   -0.580959
1144   -0.581258
1145   -0.580851
1146   -0.579233
1147   -0.581008
1148   -0.580292
1149   -0.581774
1150   -0.579054
1151   -0.579712
1152   -0.579569
1153   -0.580535
1154   -0.581585
1155   -0.578646
1156   -0.582039
1157   -0.579406
1158   -0.580029
1159   -0.581563
1160   -0.580914
1161   -0.579219
1162   -0.585264
1163   -0.57882
1164   -0.584147
1165   -0.579918
1166   -0.581842
1167   -0.581446
1168   -0.579755
1169   -0.581174
1170   -0.582872
1171   -0.578433
1172   -0.57978
1173   -0.582563
1174   -0.578751
1175   -0.578848
1176   -0.583593
1177   -0.578737
1178   -0.579321
1179   -0.579644
1180   -0.579139
1181   -0.579954
1182   -0.580356
1183   -0.580228
1184   -0.580193
1185   -0.578673
1186   -0.580069
1187   -0.582968
1188   -0.578261
1189   -0.577365
1190   -0.580463
1191   -0.57993
1192   -0.579385
1193   -0.580378
1194   -0.582173
1195   -0.583814
1196   -0.580576
1197   -0.581426
1198   -0.581821
1199   -0.580917
1200   -0.580038
1201   -0.579632
1202   -0.579961
1203   -0.582401
1204   -0.580751
1205   -0.581465
1206   -0.577605
1207   -0.579315
1208   -0.581281
1209   -0.576745
1210   -0.579065
1211   -0.581442
1212   -0.579692
1213   -0.577383
1214   -0.581596
1215   -0.581203
1216   -0.58045
1217   -0.579195
1218   -0.58072
1219   -0.580914
1220   -0.581055
1221   -0.582197
1222   -0.577581
1223   -0.580063
1224   -0.582319
1225   -0.577989
1226   -0.58372
1227   -0.577408
1228   -0.581956
1229   -0.579747
1230   -0.580783
1231   -0.580087
1232   -0.579609
1233   -0.581129
1234   -0.583446
1235   -0.581433
1236   -0.581712
1237   -0.580784
1238   -0.580069
1239   -0.579439
1240   -0.576699
1241   -0.581901
1242   -0.581059
1243   -0.583096
1244   -0.577288
1245   -0.579071
1246   -0.582269
1247   -0.582719
1248   -0.580206
1249   -0.580066
1250   -0.580932
1251   -0.579553
1252   -0.578841
1253   -0.578696
1254   -0.580934
1255   -0.579536
1256   -0.582313
1257   -0.579416
1258   -0.581304
1259   -0.580571
1260   -0.578546
1261   -0.580056
1262   -0.580996
1263   -0.581536
1264   -0.580896
1265   -0.580215
1266   -0.580239
1267   -0.580756
1268   -0.580012
1269   -0.579153
1270   -0.580752
1271   -0.582535
1272   -0.581792
1273   -0.58163
1274   -0.582911
1275   -0.581482
1276   -0.580582
1277   -0.577771
1278   -0.583191
1279   -0.582299
1280   -0.581086
1281   -0.580404
1282   -0.579762
1283   -0.578686
1284   -0.582138
1285   -0.578258
1286   -0.580683
1287   -0.580975
1288   -0.578932
1289   -0.579412
1290   -0.577891
1291   -0.580865
1292   -0.580102
1293   -0.578518
1294   -0.57867
1295   -0.58153
1296   -0.582406
1297   -0.580832
1298   -0.579328
1299   -0.580405
1300   -0.579681
1301   -0.579918
1302   -0.579869
1303   -0.581234
1304   -0.579703
1305   -0.582143
1306   -0.580208
1307   -0.580048
1308   -0.578645
1309   -0.578169
1310   -0.577904
1311   -0.579942
1312   -0.581198
1313   -0.578325
1314   -0.581267
1315   -0.581543
1316   -0.581422
1317   -0.579425
1318   -0.581154
1319   -0.582344
1320   -0.580905
1321   -0.579866
1322   -0.580213
1323   -0.582272
1324   -0.580314
1325   -0.579881
1326   -0.581763
1327   -0.582198
1328   -0.580577
1329   -0.579311
1330   -0.580023
1331   -0.580688
1332   -0.583425
1333   -0.582575
1334   -0.579253
1335   -0.582376
1336   -0.579442
1337   -0.579071
1338   -0.579743
1339   -0.580983
1340   -0.580309
1341   -0.579425
1342   -0.580341
1343   -0.582471
1344   -0.582085
1345   -0.579168
1346   -0.581571
1347   -0.578072
1348   -0.581212
1349   -0.581889
1350   -0.581387
1351   -0.580185
1352   -0.580593
1353   -0.582268
1354   -0.578993
1355   -0.577655
1356   -0.57924
1357   -0.581374
1358   -0.579371
1359   -0.580788
1360   -0.577632
1361   -0.582578
1362   -0.582235
1363   -0.579961
1364   -0.579261
1365   -0.579318
1366   -0.580227
1367   -0.581096
1368   -0.580525
1369   -0.578558
1370   -0.582196
1371   -0.579177
1372   -0.581482
1373   -0.581473
1374   -0.578087
1375   -0.580628
1376   -0.582583
1377   -0.581659
1378   -0.582313
1379   -0.579606
1380   -0.578726
1381   -0.583427
1382   -0.580889
1383   -0.580933
1384   -0.578924
1385   -0.579678
1386   -0.582485
1387   -0.586612
1388   -0.581654
1389   -0.581865
1390   -0.582047
1391   -0.581403
1392   -0.580653
1393   -0.581613
1394   -0.579311
1395   -0.580204
1396   -0.579117
1397   -0.581927
1398   -0.580019
1399   -0.578893
1400   -0.580068
1401   -0.580304
1402   -0.582386
1403   -0.579565
1404   -0.580627
1405   -0.579647
1406   -0.579494
1407   -0.58069
1408   -0.582609
1409   -0.582343
1410   -0.580383
1411   -0.579686
1412   -0.581084
1413   -0.581672
1414   -0.579214
1415   -0.581477
1416   -0.579965
1417   -0.580406
1418   -0.582552
1419   -0.580978
1420   -0.58039
1421   -0.583121
1422   -0.580048
1423   -0.580466
1424   -0.582393
1425   -0.58162
1426   -0.584723
1427   -0.582559
1428   -0.581247
1429   -0.583251
1430   -0.582648
1431   -0.582616
1432   -0.581454
1433   -0.579778
1434   -0.581364
1435   -0.580358
1436   -0.584187
1437   -0.576711
1438   -0.580907
1439   -0.5821
1440   -0.579558
1441   -0.579263
1442   -0.580988
1443   -0.578862
1444   -0.581551
1445   -0.581938
1446   -0.581099
1447   -0.577942
1448   -0.585174
1449   -0.580628
1450   -0.581348
1451   -0.579976
1452   -0.582026
1453   -0.58368
1454   -0.5829
1455   -0.578143
1456   -0.583408
1457   -0.578732
1458   -0.582737
1459   -0.580872
1460   -0.581172
1461   -0.578883
1462   -0.579533
1463   -0.578605
1464   -0.578106
1465   -0.580782
1466   -0.57889
1467   -0.582283
1468   -0.57967
1469   -0.580794
1470   -0.581595
1471   -0.582228
1472   -0.578906
1473   -0.579713
1474   -0.582772
1475   -0.579966
1476   -0.58248
1477   -0.581164
1478   -0.57827
1479   -0.582881
1480   -0.581207
1481   -0.581551
1482   -0.580021
1483   -0.580284
1484   -0.58114
1485   -0.579116
1486   -0.580999
1487   -0.578808
1488   -0.580058
1489   -0.580397
1490   -0.579385
1491   -0.580831
1492   -0.58101
1493   -0.582104
1494   -0.580211
1495   -0.580813
1496   -0.579944
1497   -0.58169
1498   -0.579822
1499   -0.579122
1500   -0.581716
1501   -0.5795
1502   -0.579644
1503   -0.581392
1504   -0.582675
1505   -0.579984
1506   -0.580443
1507   -0.580409
1508   -0.578921
1509   -0.57936
1510   -0.58082
1511   -0.577972
1512   -0.578452
1513   -0.581362
1514   -0.579054
1515   -0.580501
1516   -0.580911
1517   -0.58038
1518   -0.580215
1519   -0.579984
1520   -0.580415
1521   -0.580873
1522   -0.579999
1523   -0.579061
1524   -0.581117
1525   -0.58086
1526   -0.582348
1527   -0.582488
1528   -0.581353
1529   -0.579905
1530   -0.581418
1531   -0.579668
1532   -0.579368
1533   -0.578331
1534   -0.582593
1535   -0.58119
1536   -0.57919
1537   -0.58052
1538   -0.579358
1539   -0.585789
1540   -0.580729
1541   -0.578391
1542   -0.583274
1543   -0.580441
1544   -0.582765
1545   -0.580675
1546   -0.582988
1547   -0.581356
1548   -0.58093
1549   -0.581267
1550   -0.580702
1551   -0.580936
1552   -0.581195
1553   -0.580968
1554   -0.579167
1555   -0.580767
1556   -0.581754
1557   -0.579855
1558   -0.580069
1559   -0.581537
1560   -0.5798
1561   -0.581455
1562   -0.583224
1563   -0.577669
1564   -0.580408
1565   -0.581281
1566   -0.57812
1567   -0.579877
1568   -0.580555
1569   -0.578692
1570   -0.580771
1571   -0.580425
1572   -0.58234
1573   -0.58208
1574   -0.583635
1575   -0.581832
1576   -0.579411
1577   -0.582151
1578   -0.578205
1579   -0.580908
1580   -0.581184
1581   -0.579736
1582   -0.579348
1583   -0.580987
1584   -0.581674
1585   -0.579372
1586   -0.581483
1587   -0.578996
1588   -0.58195
1589   -0.580972
1590   -0.580432
1591   -0.578864
1592   -0.58045
1593   -0.583209
1594   -0.578304
1595   -0.581695
1596   -0.581974
1597   -0.581777
1598   -0.579412
1599   -0.58149
1600   -0.581201
1601   -0.580549
1602   -0.579913
1603   -0.581873
1604   -0.581857
1605   -0.579891
1606   -0.581936
1607   -0.58283
1608   -0.581055
1609   -0.581413
1610   -0.582417
1611   -0.580154
1612   -0.581999
1613   -0.581626
1614   -0.583868
1615   -0.579528
1616   -0.581947
1617   -0.581552
1618   -0.578743
1619   -0.580689
1620   -0.58126
1621   -0.583228
1622   -0.580549
1623   -0.577472
1624   -0.581172
1625   -0.578605
1626   -0.579927
1627   -0.581609
1628   -0.579904
1629   -0.581346
1630   -0.581749
1631   -0.582307
1632   -0.580528
1633   -0.581039
1634   -0.582838
1635   -0.581877
1636   -0.58029
1637   -0.582747
1638   -0.582545
1639   -0.583395
1640   -0.582224
1641   -0.580447
1642   -0.578895
1643   -0.579583
1644   -0.581506
1645   -0.581027
1646   -0.582145
1647   -0.583485
1648   -0.582439
1649   -0.580736
1650   -0.579556
1651   -0.580491
1652   -0.580637
1653   -0.58106
1654   -0.578948
1655   -0.581853
1656   -0.583078
1657   -0.580889
1658   -0.58427
1659   -0.58053
1660   -0.582764
1661   -0.577823
1662   -0.5812
1663   -0.580162
1664   -0.579609
1665   -0.581087
1666   -0.581186
1667   -0.581941
1668   -0.581326
1669   -0.582622
1670   -0.581866
1671   -0.581117
1672   -0.581826
1673   -0.579848
1674   -0.580911
1675   -0.580047
1676   -0.580505
1677   -0.577273
1678   -0.579813
1679   -0.581934
1680   -0.579534
1681   -0.582633
1682   -0.581275
1683   -0.577945
1684   -0.580708
1685   -0.580943
1686   -0.578754
1687   -0.579307
1688   -0.580531
1689   -0.579528
1690   -0.582505
1691   -0.580409
1692   -0.579431
1693   -0.581634
1694   -0.582448
1695   -0.581471
1696   -0.578686
1697   -0.582171
1698   -0.584248
1699   -0.580784
1700   -0.584524
1701   -0.581599
1702   -0.581084
1703   -0.580205
1704   -0.579656
1705   -0.58097
1706   -0.581537
1707   -0.579613
1708   -0.579009
1709   -0.577031
1710   -0.580503
1711   -0.582467
1712   -0.578572
1713   -0.581628
1714   -0.581439
1715   -0.581252
1716   -0.58015
1717   -0.582304
1718   -0.580981
1719   -0.578631
1720   -0.581717
1721   -0.580364
1722   -0.579557
1723   -0.581813
1724   -0.582036
1725   -0.581102
1726   -0.580974
1727   -0.581097
1728   -0.582306
1729   -0.582349
1730   -0.57976
1731   -0.581406
1732   -0.580578
1733   -0.580614
1734   -0.579654
1735   -0.578097
1736   -0.581413
1737   -0.579551
1738   -0.580155
1739   -0.582613
1740   -0.582438
1741   -0.58067
1742   -0.581239
1743   -0.581374
1744   -0.578281
1745   -0.580493
1746   -0.581639
1747   -0.578907
1748   -0.580377
1749   -0.58178
1750   -0.580287
1751   -0.581432
1752   -0.577449
1753   -0.579472
1754   -0.58168
1755   -0.580503
1756   -0.582016
1757   -0.577779
1758   -0.580541
1759   -0.581181
1760   -0.583221
1761   -0.578556
1762   -0.579101
1763   -0.579435
1764   -0.583595
1765   -0.580689
1766   -0.582967
1767   -0.58212
1768   -0.58341
1769   -0.579218
1770   -0.582511
1771   -0.580378
1772   -0.580596
1773   -0.582341
1774   -0.58059
1775   -0.580468
1776   -0.582702
1777   -0.582811
1778   -0.58117
1779   -0.579694
1780   -0.579619
1781   -0.581749
1782   -0.582284
1783   -0.581522
1784   -0.583042
1785   -0.580106
1786   -0.581695
1787   -0.579481
1788   -0.581456
1789   -0.57941
1790   -0.579828
1791   -0.581163
1792   -0.580922
1793   -0.583765
1794   -0.581549
1795   -0.582344
1796   -0.580469
1797   -0.58059
1798   -0.586252
1799   -0.579741
1800   -0.584734
1801   -0.579715
1802   -0.581305
1803   -0.580944
1804   -0.580152
1805   -0.580687
1806   -0.581765
1807   -0.58066
1808   -0.579501
1809   -0.582888
1810   -0.580978
1811   -0.58058
1812   -0.58136
1813   -0.581591
1814   -0.581491
1815   -0.582456
1816   -0.580805
1817   -0.580386
1818   -0.581393
1819   -0.582068
1820   -0.580562
1821   -0.582783
1822   -0.580809
1823   -0.580782
1824   -0.580663
1825   -0.579771
1826   -0.581492
1827   -0.581951
1828   -0.579822
1829   -0.580773
1830   -0.579463
1831   -0.580677
1832   -0.580749
1833   -0.579004
1834   -0.581628
1835   -0.583041
1836   -0.57937
1837   -0.5792
1838   -0.579648
1839   -0.580044
1840   -0.583496
1841   -0.579352
1842   -0.584172
1843   -0.581603
1844   -0.579176
1845   -0.580253
1846   -0.579101
1847   -0.579603
1848   -0.580308
1849   -0.580885
1850   -0.581716
1851   -0.582877
1852   -0.579774
1853   -0.580492
1854   -0.579137
1855   -0.58121
1856   -0.581632
1857   -0.581879
1858   -0.58081
1859   -0.580175
1860   -0.581589
1861   -0.581876
1862   -0.579946
1863   -0.579701
1864   -0.583454
1865   -0.581522
1866   -0.580636
1867   -0.582013
1868   -0.581874
1869   -0.584238
1870   -0.581539
1871   -0.580583
1872   -0.580099
1873   -0.58252
1874   -0.580983
1875   -0.581565
1876   -0.579166
1877   -0.57993
1878   -0.579839
1879   -0.584233
1880   -0.581158
1881   -0.580284
1882   -0.583027
1883   -0.582027
1884   -0.581265
1885   -0.583427
1886   -0.581884
1887   -0.579864
1888   -0.581568
1889   -0.578515
1890   -0.581855
1891   -0.580312
1892   -0.581418
1893   -0.583238
1894   -0.582575
1895   -0.5812
1896   -0.580006
1897   -0.579585
1898   -0.582253
1899   -0.5823
1900   -0.580484
1901   -0.579921
1902   -0.579542
1903   -0.580876
1904   -0.57965
1905   -0.58045
1906   -0.580693
1907   -0.579955
1908   -0.579595
1909   -0.580265
1910   -0.582176
1911   -0.580572
1912   -0.581523
1913   -0.581729
1914   -0.580539
1915   -0.58081
1916   -0.582376
1917   -0.579033
1918   -0.580505
1919   -0.582503
1920   -0.582404
1921   -0.581036
1922   -0.580675
1923   -0.580653
1924   -0.580272
1925   -0.580169
1926   -0.579265
1927   -0.581389
1928   -0.580062
1929   -0.581816
1930   -0.580106
1931   -0.58127
1932   -0.580967
1933   -0.58079
1934   -0.581305
1935   -0.581347
1936   -0.582602
1937   -0.581012
1938   -0.580653
1939   -0.581816
1940   -0.58031
1941   -0.579641
1942   -0.579626
1943   -0.580979
1944   -0.581218
1945   -0.584036
1946   -0.580843
1947   -0.580884
1948   -0.58153
1949   -0.581619
1950   -0.58151
1951   -0.580634
1952   -0.581002
1953   -0.580895
1954   -0.580246
1955   -0.582159
1956   -0.582745
1957   -0.58059
1958   -0.582389
1959   -0.58002
1960   -0.581031
1961   -0.581463
1962   -0.581035
1963   -0.582198
1964   -0.578156
1965   -0.57833
1966   -0.581841
1967   -0.579334
1968   -0.582234
1969   -0.579701
1970   -0.584152
1971   -0.582207
1972   -0.582685
1973   -0.583556
1974   -0.581651
1975   -0.582526
1976   -0.581927
1977   -0.581241
1978   -0.582225
1979   -0.582504
1980   -0.579454
1981   -0.582498
1982   -0.580414
1983   -0.579454
1984   -0.579914
1985   -0.582648
1986   -0.579134
1987   -0.578231
1988   -0.580415
1989   -0.580479
1990   -0.579582
1991   -0.580133
1992   -0.58116
1993   -0.581194
1994   -0.582086
1995   -0.580289
1996   -0.579545
1997   -0.581065
1998   -0.581952
1999   -0.578449
2000   -0.581045
2001   -0.581405
2002   -0.580853
2003   -0.580096
2004   -0.580132
2005   -0.583619
2006   -0.581866
2007   -0.581453
2008   -0.584141
2009   -0.581982
2010   -0.580848
2011   -0.580453
2012   -0.58393
2013   -0.5802
2014   -0.582804
2015   -0.580717
2016   -0.579815
2017   -0.580381
2018   -0.580235
2019   -0.580553
2020   -0.580711
2021   -0.580535
2022   -0.578724
2023   -0.580514
2024   -0.581743
2025   -0.581542
2026   -0.581448
2027   -0.579998
2028   -0.582261
2029   -0.579682
2030   -0.580145
2031   -0.581812
2032   -0.582655
2033   -0.582708
2034   -0.582364
2035   -0.580211
2036   -0.581048
2037   -0.581351
2038   -0.580738
2039   -0.578973
2040   -0.58071
2041   -0.580856
2042   -0.582599
2043   -0.58039
2044   -0.580556
2045   -0.583211
2046   -0.579285
2047   -0.582296
2048   -0.580334
2049   -0.58091
2050   -0.580885
2051   -0.581267
2052   -0.579977
2053   -0.583901
2054   -0.580369
2055   -0.580798
2056   -0.578824
2057   -0.58213
2058   -0.580564
2059   -0.579347
2060   -0.581397
2061   -0.582452
2062   -0.580637
2063   -0.580714
2064   -0.578954
2065   -0.581232
2066   -0.581186
2067   -0.581024
2068   -0.581451
2069   -0.582104
2070   -0.583103
2071   -0.581096
2072   -0.581544
2073   -0.580564
2074   -0.581068
2075   -0.58283
2076   -0.580714
2077   -0.580873
2078   -0.580208
2079   -0.581137
2080   -0.580947
2081   -0.581573
2082   -0.581024
2083   -0.581032
2084   -0.580254
2085   -0.580851
2086   -0.583346
2087   -0.581019
2088   -0.582137
2089   -0.57872
2090   -0.579273
2091   -0.580928
2092   -0.582205
2093   -0.582357
2094   -0.582817
2095   -0.57943
2096   -0.581862
2097   -0.577986
2098   -0.582721
2099   -0.581339
2100   -0.581915
2101   -0.581963
2102   -0.582611
2103   -0.582345
2104   -0.580611
2105   -0.579721
2106   -0.582256
2107   -0.58154
2108   -0.58419
2109   -0.58038
2110   -0.579899
2111   -0.580877
2112   -0.583279
2113   -0.579944
2114   -0.580062
2115   -0.582091
2116   -0.580931
2117   -0.57973
2118   -0.581163
2119   -0.582571
2120   -0.581021
2121   -0.5831
2122   -0.580569
2123   -0.582981
2124   -0.580816
2125   -0.582049
2126   -0.578429
2127   -0.580052
2128   -0.579716
2129   -0.580872
2130   -0.579758
2131   -0.579717
2132   -0.582013
2133   -0.580841
2134   -0.580262
2135   -0.581736
2136   -0.581069
2137   -0.580271
2138   -0.581955
2139   -0.581602
2140   -0.579648
2141   -0.580905
2142   -0.583051
2143   -0.579006
2144   -0.583222
2145   -0.580869
2146   -0.580015
2147   -0.579672
2148   -0.582341
2149   -0.582748
2150   -0.580847
2151   -0.579352
2152   -0.581659
2153   -0.580982
2154   -0.581788
2155   -0.582563
2156   -0.581756
2157   -0.583211
2158   -0.58012
2159   -0.58116
2160   -0.582263
2161   -0.579721
2162   -0.580592
2163   -0.580923
2164   -0.580608
2165   -0.580858
2166   -0.582049
2167   -0.578185
2168   -0.58195
2169   -0.581733
2170   -0.580702
2171   -0.579977
2172   -0.582294
2173   -0.580406
2174   -0.58189
2175   -0.584473
2176   -0.582162
2177   -0.58188
2178   -0.582237
2179   -0.579841
2180   -0.580841
2181   -0.582353
2182   -0.582613
2183   -0.581695
2184   -0.579223
2185   -0.58058
2186   -0.583035
2187   -0.581051
2188   -0.581337
2189   -0.579873
2190   -0.58178
2191   -0.581011
2192   -0.578606
2193   -0.580458
2194   -0.581004
2195   -0.581311
2196   -0.581225
2197   -0.580654
2198   -0.581172
2199   -0.580029
2200   -0.582222
2201   -0.580438
2202   -0.579992
2203   -0.580715
2204   -0.578885
2205   -0.581778
2206   -0.581642
2207   -0.58155
2208   -0.582795
2209   -0.581886
2210   -0.581621
2211   -0.582192
2212   -0.580687
2213   -0.580161
2214   -0.580035
2215   -0.579106
2216   -0.581282
2217   -0.580668
2218   -0.579515
2219   -0.582956
2220   -0.582519
2221   -0.580363
2222   -0.580651
2223   -0.580912
2224   -0.582276
2225   -0.579651
2226   -0.579172
2227   -0.582063
2228   -0.583104
2229   -0.581352
2230   -0.581228
2231   -0.581688
2232   -0.581127
2233   -0.582547
2234   -0.580815
2235   -0.579261
2236   -0.581406
2237   -0.579053
2238   -0.580628
2239   -0.582356
2240   -0.579694
2241   -0.57945
2242   -0.581456
2243   -0.579878
2244   -0.578337
2245   -0.581481
2246   -0.581502
2247   -0.579211
2248   -0.581028
2249   -0.579146
2250   -0.58062
2251   -0.581062
2252   -0.581481
2253   -0.581874
2254   -0.578994
2255   -0.580788
2256   -0.580455
2257   -0.581817
2258   -0.579337
2259   -0.582885
2260   -0.582574
2261   -0.579731
2262   -0.578476
2263   -0.580702
2264   -0.579838
2265   -0.580653
2266   -0.582084
2267   -0.583834
2268   -0.580892
2269   -0.580395
2270   -0.580054
2271   -0.581148
2272   -0.579597
2273   -0.583421
2274   -0.580994
2275   -0.580497
2276   -0.579742
2277   -0.582655
2278   -0.581328
2279   -0.578997
2280   -0.58178
2281   -0.579582
2282   -0.579412
2283   -0.580559
2284   -0.581793
2285   -0.581292
2286   -0.582111
2287   -0.581517
2288   -0.582669
2289   -0.580917
2290   -0.581626
2291   -0.579372
2292   -0.580057
2293   -0.57905
2294   -0.582481
2295   -0.5803
2296   -0.579402
2297   -0.580532
2298   -0.580166
2299   -0.579564
2300   -0.582797
2301   -0.58104
2302   -0.582063
2303   -0.581392
2304   -0.581261
2305   -0.580134
2306   -0.582556
2307   -0.581082
2308   -0.58063
2309   -0.582664
2310   -0.579734
2311   -0.578355
2312   -0.582225
2313   -0.580729
2314   -0.583266
2315   -0.580396
2316   -0.580632
2317   -0.582681
2318   -0.580227
2319   -0.58271
2320   -0.578884
2321   -0.578172
2322   -0.58263
2323   -0.582193
2324   -0.580972
2325   -0.582131
2326   -0.578136
2327   -0.58135
2328   -0.582339
2329   -0.582335
2330   -0.579171
2331   -0.583816
2332   -0.579632
2333   -0.584883
2334   -0.579739
2335   -0.580151
2336   -0.578977
2337   -0.581119
2338   -0.57979
2339   -0.580425
2340   -0.581807
2341   -0.580458
2342   -0.582078
2343   -0.581011
2344   -0.582233
2345   -0.581256
2346   -0.580513
2347   -0.580066
2348   -0.579769
2349   -0.582677
2350   -0.58086
2351   -0.580542
2352   -0.582492
2353   -0.583343
2354   -0.582428
2355   -0.58155
2356   -0.58231
2357   -0.58074
2358   -0.5813
2359   -0.579757
2360   -0.581482
2361   -0.581286
2362   -0.58013
2363   -0.581898
2364   -0.581001
2365   -0.580061
2366   -0.57834
2367   -0.581422
2368   -0.58114
2369   -0.579524
2370   -0.582876
2371   -0.580512
2372   -0.582237
2373   -0.580586
2374   -0.580688
2375   -0.582464
2376   -0.580617
2377   -0.580489
2378   -0.58253
2379   -0.581504
2380   -0.582904
2381   -0.580398
2382   -0.581977
2383   -0.5801
2384   -0.580954
2385   -0.581937
2386   -0.582174
2387   -0.580022
2388   -0.581871
2389   -0.58119
2390   -0.580411
2391   -0.584063
2392   -0.580503
2393   -0.580903
2394   -0.57973
2395   -0.583525
2396   -0.579756
2397   -0.581595
2398   -0.582307
2399   -0.581536
2400   -0.581222
2401   -0.582989
2402   -0.582152
2403   -0.580511
2404   -0.581973
2405   -0.58249
2406   -0.582325
2407   -0.581666
2408   -0.583595
2409   -0.580642
2410   -0.582024
2411   -0.580608
2412   -0.578857
2413   -0.580449
2414   -0.582776
2415   -0.581677
2416   -0.580614
2417   -0.583314
2418   -0.578118
2419   -0.581724
2420   -0.580799
2421   -0.581703
2422   -0.581346
2423   -0.582294
2424   -0.579304
2425   -0.581555
2426   -0.580282
2427   -0.579578
2428   -0.581127
2429   -0.579266
2430   -0.581856
2431   -0.582456
2432   -0.580582
2433   -0.581098
2434   -0.58036
2435   -0.580357
2436   -0.582531
2437   -0.582514
2438   -0.582392
2439   -0.580191
2440   -0.581243
2441   -0.582157
2442   -0.580264
2443   -0.579921
2444   -0.579949
2445   -0.581106
2446   -0.58112
2447   -0.580856
2448   -0.581282
2449   -0.581785
2450   -0.582191
2451   -0.581191
2452   -0.582411
2453   -0.582562
2454   -0.581629
2455   -0.579824
2456   -0.579409
2457   -0.579504
2458   -0.580895
2459   -0.582875
2460   -0.580196
2461   -0.581901
2462   -0.580638
2463   -0.580882
2464   -0.581636
2465   -0.58173
2466   -0.582019
2467   -0.579882
2468   -0.581043
2469   -0.581284
2470   -0.582928
2471   -0.581614
2472   -0.581884
2473   -0.582913
2474   -0.58184
2475   -0.583862
2476   -0.58077
2477   -0.580976
2478   -0.581564
2479   -0.579112
2480   -0.580976
2481   -0.581519
2482   -0.580101
2483   -0.581586
2484   -0.579217
2485   -0.581788
2486   -0.580653
2487   -0.582638
2488   -0.58173
2489   -0.582003
2490   -0.579954
2491   -0.580285
2492   -0.5815
2493   -0.58179
2494   -0.579327
2495   -0.580971
2496   -0.57989
2497   -0.580822
2498   -0.58126
2499   -0.581839
