0   0.209391
1   0.186557
2   0.17876
3   0.158613
4   0.120485
5   0.110507
6   0.118057
7   0.0872199
8   0.062838
9   0.0320307
10   0.0260077
11   0.00369026
12   -0.00689247
13   -0.0270624
14   -0.0768446
15   -0.0529736
16   -0.0961126
17   -0.106892
18   -0.124358
19   -0.140395
20   -0.159463
21   -0.180181
22   -0.20831
23   -0.205922
24   -0.218271
25   -0.249992
26   -0.270529
27   -0.245094
28   -0.290395
29   -0.301598
30   -0.307805
31   -0.321928
32   -0.333771
33   -0.342471
34   -0.369276
35   -0.372991
36   -0.382466
37   -0.387245
38   -0.388661
39   -0.397989
40   -0.417447
41   -0.440488
42   -0.440044
43   -0.45409
44   -0.450052
45   -0.458437
46   -0.460039
47   -0.470729
48   -0.484697
49   -0.499498
50   -0.487504
51   -0.511385
52   -0.50672
53   -0.502381
54   -0.528989
55   -0.52723
56   -0.523527
57   -0.540799
58   -0.533927
59   -0.554583
60   -0.55533
61   -0.55601
62   -0.557447
63   -0.575263
64   -0.559507
65   -0.577865
66   -0.586371
67   -0.583642
68   -0.591485
69   -0.590044
70   -0.590615
71   -0.601043
72   -0.603634
73   -0.603303
74   -0.611103
75   -0.610887
76   -0.616756
77   -0.608845
78   -0.620871
79   -0.612372
80   -0.624325
81   -0.634506
82   -0.631163
83   -0.627273
84   -0.64388
85   -0.641089
86   -0.634478
87   -0.652485
88   -0.646659
89   -0.651815
90   -0.655775
91   -0.660508
92   -0.657588
93   -0.665999
94   -0.661876
95   -0.669415
96   -0.668104
97   -0.664961
98   -0.675851
99   -0.67303
100   -0.67586
101   -0.679922
102   -0.678493
103   -0.68456
104   -0.681978
105   -0.688982
106   -0.683034
107   -0.692821
108   -0.690545
109   -0.695195
110   -0.688948
111   -0.698894
112   -0.695027
113   -0.697011
114   -0.709465
115   -0.704853
116   -0.71199
117   -0.704938
118   -0.708655
119   -0.710346
120   -0.719363
121   -0.714372
122   -0.713961
123   -0.713453
124   -0.718497
125   -0.722567
126   -0.723287
127   -0.722698
128   -0.722346
129   -0.725842
130   -0.722474
131   -0.723528
132   -0.73235
133   -0.728747
134   -0.733158
135   -0.730175
136   -0.733837
137   -0.734933
138   -0.734703
139   -0.738052
140   -0.736038
141   -0.737435
142   -0.735682
143   -0.739441
144   -0.74443
145   -0.741416
146   -0.744034
147   -0.739182
148   -0.734197
149   -0.748154
150   -0.744597
151   -0.74331
152   -0.747126
153   -0.74821
154   -0.747679
155   -0.748986
156   -0.753316
157   -0.746877
158   -0.754079
159   -0.746727
160   -0.753966
161   -0.753708
162   -0.752585
163   -0.750312
164   -0.754267
165   -0.756093
166   -0.755165
167   -0.753674
168   -0.748397
169   -0.75698
170   -0.755922
171   -0.760559
172   -0.75572
173   -0.753042
174   -0.754744
175   -0.753639
176   -0.759225
177   -0.762014
178   -0.758555
179   -0.762846
180   -0.759944
181   -0.758878
182   -0.762838
183   -0.763504
184   -0.766625
185   -0.762668
186   -0.758464
187   -0.761864
188   -0.764891
189   -0.756276
190   -0.763727
191   -0.765842
192   -0.763711
193   -0.765634
194   -0.761752
195   -0.767799
196   -0.769318
197   -0.768165
198   -0.765342
199   -0.772152
200   -0.766029
201   -0.768195
202   -0.769254
203   -0.766091
204   -0.771212
205   -0.770682
206   -0.770618
207   -0.772952
208   -0.764658
209   -0.769122
210   -0.770871
211   -0.771592
212   -0.772671
213   -0.769113
214   -0.768559
215   -0.771183
216   -0.770964
217   -0.775121
218   -0.775568
219   -0.775569
220   -0.770264
221   -0.773797
222   -0.769396
223   -0.771306
224   -0.774161
225   -0.770101
226   -0.769486
227   -0.75297
228   -0.764948
229   -0.773656
230   -0.777223
231   -0.772417
232   -0.775167
233   -0.771461
234   -0.775739
235   -0.77359
236   -0.778456
237   -0.775759
238   -0.775109
239   -0.779372
240   -0.775041
241   -0.775123
242   -0.775748
243   -0.775787
244   -0.77945
245   -0.777001
246   -0.776661
247   -0.778688
248   -0.78062
249   -0.773117
250   -0.7714
251   -0.777205
252   -0.773573
253   -0.778842
254   -0.778668
255   -0.777332
256   -0.780882
257   -0.777882
258   -0.779954
259   -0.771123
260   -0.779415
261   -0.778186
262   -0.78016
263   -0.781638
264   -0.780163
265   -0.78082
266   -0.779293
267   -0.777977
268   -0.78157
269   -0.781199
270   -0.779894
271   -0.781884
272   -0.782062
273   -0.78042
274   -0.782208
275   -0.782892
276   -0.782418
277   -0.777349
278   -0.781916
279   -0.78344
280   -0.779885
281   -0.783271
282   -0.782275
283   -0.785379
284   -0.782713
285   -0.777873
286   -0.777819
287   -0.780693
288   -0.782143
289   -0.783549
290   -0.78315
291   -0.784795
292   -0.78115
293   -0.786119
294   -0.781886
295   -0.775692
296   -0.783548
297   -0.783872
298   -0.788052
299   -0.783306
300   -0.784208
301   -0.782037
302   -0.782838
303   -0.782549
304   -0.785848
305   -0.782904
306   -0.788158
307   -0.782115
308   -0.786146
309   -0.783899
310   -0.78655
311   -0.785317
312   -0.781059
313   -0.785908
314   -0.784791
315   -0.780796
316   -0.78686
317   -0.783843
318   -0.784477
319   -0.785698
320   -0.781992
321   -0.785676
322   -0.788142
323   -0.788706
324   -0.785968
325   -0.786507
326   -0.785788
327   -0.787118
328   -0.785328
329   -0.785024
330   -0.787387
331   -0.789736
332   -0.786195
333   -0.784523
334   -0.784838
335   -0.787654
336   -0.786777
337   -0.782788
338   -0.787563
339   -0.785366
340   -0.780296
341   -0.787631
342   -0.785541
343   -0.781442
344   -0.786668
345   -0.785884
346   -0.785983
347   -0.786517
348   -0.78592
349   -0.785673
350   -0.787955
351   -0.784836
352   -0.788844
353   -0.787932
354   -0.786689
355   -0.78699
356   -0.783506
357   -0.787883
358   -0.78787
359   -0.789218
360   -0.785385
361   -0.78787
362   -0.785209
363   -0.788093
364   -0.787872
365   -0.78823
366   -0.786348
367   -0.786915
368   -0.789486
369   -0.786321
370   -0.789143
371   -0.788988
372   -0.788658
373   -0.788098
374   -0.788257
375   -0.788716
376   -0.789473
377   -0.789785
378   -0.788769
379   -0.780516
380   -0.787419
381   -0.78726
382   -0.788658
383   -0.789648
384   -0.789619
385   -0.778754
386   -0.786354
387   -0.788855
388   -0.789842
389   -0.789
390   -0.788968
391   -0.785611
392   -0.78839
393   -0.789123
394   -0.7871
395   -0.789663
396   -0.789208
397   -0.787639
398   -0.788604
399   -0.790042
400   -0.790766
401   -0.785714
402   -0.789016
403   -0.789322
404   -0.788032
405   -0.790024
406   -0.788013
407   -0.790512
408   -0.790378
409   -0.7902
410   -0.787072
411   -0.789893
412   -0.785866
413   -0.788023
414   -0.791903
415   -0.785316
416   -0.786301
417   -0.788664
418   -0.78946
419   -0.79065
420   -0.789481
421   -0.788742
422   -0.786924
423   -0.789697
424   -0.78977
425   -0.791355
426   -0.787552
427   -0.788967
428   -0.78985
429   -0.792334
430   -0.789852
431   -0.788203
432   -0.790903
433   -0.789388
434   -0.790418
435   -0.790107
436   -0.789798
437   -0.78939
438   -0.788089
439   -0.790532
440   -0.790294
441   -0.785403
442   -0.790157
443   -0.791211
444   -0.790358
445   -0.789901
446   -0.791268
447   -0.79127
448   -0.787221
449   -0.788671
450   -0.788154
451   -0.787926
452   -0.788917
453   -0.787364
454   -0.790699
455   -0.7858
456   -0.790111
457   -0.79092
458   -0.790588
459   -0.789997
460   -0.789838
461   -0.792255
462   -0.79262
463   -0.789937
464   -0.789251
465   -0.791857
466   -0.791029
467   -0.791489
468   -0.790632
469   -0.790311
470   -0.791958
471   -0.790573
472   -0.789304
473   -0.790526
474   -0.790266
475   -0.782576
476   -0.787537
477   -0.79151
478   -0.791559
479   -0.789234
480   -0.789512
481   -0.792016
482   -0.791675
483   -0.789477
484   -0.792149
485   -0.785409
486   -0.786302
487   -0.789587
488   -0.791254
489   -0.790159
490   -0.790112
491   -0.790849
492   -0.792244
493   -0.789065
494   -0.792528
495   -0.789334
496   -0.790315
497   -0.790144
498   -0.772164
499   -0.791262
500   -0.789699
501   -0.789243
502   -0.788045
503   -0.789052
504   -0.793149
505   -0.788046
506   -0.790107
507   -0.789707
508   -0.791112
509   -0.79154
510   -0.790512
511   -0.786768
512   -0.79147
513   -0.790186
514   -0.788909
515   -0.788661
516   -0.790608
517   -0.793088
518   -0.793044
519   -0.791251
520   -0.791512
521   -0.791769
522   -0.791748
523   -0.791222
524   -0.790894
525   -0.791093
526   -0.790513
527   -0.788833
528   -0.79048
529   -0.790978
530   -0.787475
531   -0.791522
532   -0.794071
533   -0.792353
534   -0.786923
535   -0.78981
536   -0.771699
537   -0.790527
538   -0.784013
539   -0.792255
540   -0.788782
541   -0.792364
542   -0.790075
543   -0.7918
544   -0.791359
545   -0.793437
546   -0.789403
547   -0.791593
548   -0.792635
549   -0.790817
550   -0.790812
551   -0.789932
552   -0.792905
553   -0.792431
554   -0.790985
555   -0.788002
556   -0.790834
557   -0.791325
558   -0.795351
559   -0.793002
560   -0.790083
561   -0.791878
562   -0.793054
563   -0.793639
564   -0.790855
565   -0.788724
566   -0.791765
567   -0.769866
568   -0.791936
569   -0.79023
570   -0.791849
571   -0.791274
572   -0.787942
573   -0.79228
574   -0.790414
575   -0.79017
576   -0.789544
577   -0.792157
578   -0.792139
579   -0.791127
580   -0.792263
581   -0.789689
582   -0.792825
583   -0.792159
584   -0.791838
585   -0.791223
586   -0.792866
587   -0.794016
588   -0.791023
589   -0.789091
590   -0.792946
591   -0.793393
592   -0.79323
593   -0.790838
594   -0.789218
595   -0.792723
596   -0.792242
597   -0.792283
598   -0.793635
599   -0.791737
600   -0.792552
601   -0.790328
602   -0.793094
603   -0.79412
604   -0.790011
605   -0.791446
606   -0.792468
607   -0.791979
608   -0.792481
609   -0.785846
610   -0.791764
611   -0.793701
612   -0.79244
613   -0.791872
614   -0.791959
615   -0.793218
616   -0.79211
617   -0.792725
618   -0.793135
619   -0.79213
620   -0.792143
621   -0.791746
622   -0.793234
623   -0.791914
624   -0.790995
625   -0.792949
626   -0.791933
627   -0.793728
628   -0.792444
629   -0.793045
630   -0.793316
631   -0.791097
632   -0.789855
633   -0.79203
634   -0.791742
635   -0.790707
636   -0.792498
637   -0.792282
638   -0.793106
639   -0.793279
640   -0.791961
641   -0.792394
642   -0.792843
643   -0.792752
644   -0.792801
645   -0.794222
646   -0.79333
647   -0.792238
648   -0.794036
649   -0.792643
650   -0.792326
651   -0.79274
652   -0.792508
653   -0.792501
654   -0.791802
655   -0.78857
656   -0.790332
657   -0.79139
658   -0.792794
659   -0.791824
660   -0.792664
661   -0.793339
662   -0.790948
663   -0.793267
664   -0.7924
665   -0.792469
666   -0.793438
667   -0.791287
668   -0.790855
669   -0.791837
670   -0.790997
671   -0.792509
672   -0.792905
673   -0.793063
674   -0.792252
675   -0.792876
676   -0.792415
677   -0.791997
678   -0.792387
679   -0.791982
680   -0.793384
681   -0.792268
682   -0.792387
683   -0.793739
684   -0.793016
685   -0.794199
686   -0.794502
687   -0.792514
688   -0.792913
689   -0.788342
690   -0.792574
691   -0.793559
692   -0.792458
693   -0.792989
694   -0.79098
695   -0.784587
696   -0.791502
697   -0.793511
698   -0.792899
699   -0.792947
700   -0.792714
701   -0.792606
702   -0.793799
703   -0.79311
704   -0.793361
705   -0.793255
706   -0.793237
707   -0.792992
708   -0.792234
709   -0.791917
710   -0.793484
711   -0.793481
712   -0.793144
713   -0.792995
714   -0.793009
715   -0.793615
716   -0.788724
717   -0.794225
718   -0.792578
719   -0.794327
720   -0.790904
721   -0.79336
722   -0.79194
723   -0.791477
724   -0.793428
725   -0.793071
726   -0.792786
727   -0.791156
728   -0.792409
729   -0.793253
730   -0.792158
731   -0.792996
732   -0.794842
733   -0.792692
734   -0.792719
735   -0.793341
736   -0.79256
737   -0.792144
738   -0.793432
739   -0.794087
740   -0.794423
741   -0.792612
742   -0.792936
743   -0.793267
744   -0.793914
745   -0.794233
746   -0.793068
747   -0.793955
748   -0.793248
749   -0.793686
750   -0.79316
751   -0.793737
752   -0.792768
753   -0.793786
754   -0.79386
755   -0.795098
756   -0.788021
757   -0.792859
758   -0.792646
759   -0.792983
760   -0.794922
761   -0.794291
762   -0.793263
763   -0.792475
764   -0.792399
765   -0.793038
766   -0.786637
767   -0.793522
768   -0.791588
769   -0.792725
770   -0.792636
771   -0.79077
772   -0.790992
773   -0.785745
774   -0.795871
775   -0.792523
776   -0.794738
777   -0.792576
778   -0.793525
779   -0.791585
780   -0.794129
781   -0.793037
782   -0.792332
783   -0.793927
784   -0.79258
785   -0.794924
786   -0.794142
787   -0.792868
788   -0.792965
789   -0.793491
790   -0.794198
791   -0.794566
792   -0.792691
793   -0.793689
794   -0.79378
795   -0.794092
796   -0.792943
797   -0.792892
798   -0.793721
799   -0.790791
800   -0.793089
801   -0.791096
802   -0.792774
803   -0.793072
804   -0.792422
805   -0.791521
806   -0.794382
807   -0.793745
808   -0.794394
809   -0.793475
810   -0.794072
811   -0.794455
812   -0.792096
813   -0.791001
814   -0.792184
815   -0.792252
816   -0.792875
817   -0.791554
818   -0.794541
819   -0.793293
820   -0.792628
821   -0.791169
822   -0.792578
823   -0.794244
824   -0.793527
825   -0.792273
826   -0.792642
827   -0.793084
828   -0.7939
829   -0.793962
830   -0.794513
831   -0.792555
832   -0.79355
833   -0.794205
834   -0.79387
835   -0.792731
836   -0.792923
837   -0.792977
838   -0.794112
839   -0.794133
840   -0.793464
841   -0.794823
842   -0.793798
843   -0.793963
844   -0.795277
845   -0.793
846   -0.79294
847   -0.793295
848   -0.794334
849   -0.792488
850   -0.793046
851   -0.793239
852   -0.793849
853   -0.791838
854   -0.791828
855   -0.793533
856   -0.793691
857   -0.794028
858   -0.794165
859   -0.793722
860   -0.791065
861   -0.793919
862   -0.792176
863   -0.794564
864   -0.795269
865   -0.792227
866   -0.793839
867   -0.792606
868   -0.794062
869   -0.793003
870   -0.792935
871   -0.794263
872   -0.792731
873   -0.791542
874   -0.793415
875   -0.793398
876   -0.791775
877   -0.785045
878   -0.79357
879   -0.794183
880   -0.794413
881   -0.791816
882   -0.79514
883   -0.794861
884   -0.79352
885   -0.794017
886   -0.793088
887   -0.792432
888   -0.794736
889   -0.794322
890   -0.793502
891   -0.795374
892   -0.793665
893   -0.793064
894   -0.792651
895   -0.793167
896   -0.793918
897   -0.792117
898   -0.791288
899   -0.792924
900   -0.793513
901   -0.793223
902   -0.794584
903   -0.791537
904   -0.794607
905   -0.794115
906   -0.793692
907   -0.794831
908   -0.793314
909   -0.793146
910   -0.794321
911   -0.794097
912   -0.786945
913   -0.793317
914   -0.794379
915   -0.793367
916   -0.793637
917   -0.792957
918   -0.793534
919   -0.794967
920   -0.791339
921   -0.793848
922   -0.793576
923   -0.79291
924   -0.794851
925   -0.793686
926   -0.793867
927   -0.793076
928   -0.794825
929   -0.793917
930   -0.792445
931   -0.793024
932   -0.793445
933   -0.793874
934   -0.791493
935   -0.794673
936   -0.794495
937   -0.792054
938   -0.791623
939   -0.794032
940   -0.793126
941   -0.795696
942   -0.793696
943   -0.792364
944   -0.793831
945   -0.793039
946   -0.793873
947   -0.793215
948   -0.794453
949   -0.792186
950   -0.793646
951   -0.793714
952   -0.7921
953   -0.793344
954   -0.793778
955   -0.789902
956   -0.788933
957   -0.792798
958   -0.793672
959   -0.790653
960   -0.794433
961   -0.791244
962   -0.792056
963   -0.790586
964   -0.794298
965   -0.792857
966   -0.794299
967   -0.793437
968   -0.79382
969   -0.793289
970   -0.793103
971   -0.792787
972   -0.793509
973   -0.793362
974   -0.79382
975   -0.79395
976   -0.784061
977   -0.792191
978   -0.794976
979   -0.793246
980   -0.79427
981   -0.79269
982   -0.793716
983   -0.794298
984   -0.793583
985   -0.79352
986   -0.791937
987   -0.792032
988   -0.794612
989   -0.793345
990   -0.793979
991   -0.794891
992   -0.793604
993   -0.791902
994   -0.794227
995   -0.794097
996   -0.792001
997   -0.794309
998   -0.790961
999   -0.793281
