0   0.749224
1   0.723296
2   0.697948
3   0.665848
4   0.617533
5   0.571854
6   0.533558
7   0.528544
8   0.489947
9   0.46548
10   0.446394
11   0.425555
12   0.388438
13   0.380922
14   0.326718
15   0.327271
16   0.287579
17   0.246655
18   0.224705
19   0.212625
20   0.18344
21   0.175811
22   0.170191
23   0.120814
24   0.138841
25   0.0948441
26   0.0869137
27   0.0550397
28   0.0614965
29   0.0217572
30   0.0130218
31   0.0122783
32   -0.009188
33   -0.0150965
34   -0.0374128
35   -0.0640646
36   -0.060727
37   -0.0699945
38   -0.0844782
39   -0.0704035
40   -0.0942768
41   -0.114039
42   -0.113048
43   -0.12196
44   -0.1369
45   -0.137726
46   -0.14747
47   -0.156956
48   -0.165964
49   -0.181114
50   -0.192721
51   -0.19417
52   -0.188073
53   -0.202275
54   -0.20004
55   -0.224039
56   -0.214301
57   -0.222632
58   -0.23832
59   -0.242198
60   -0.244798
61   -0.239295
62   -0.255504
63   -0.262347
64   -0.277797
65   -0.265594
66   -0.26664
67   -0.273099
68   -0.281022
69   -0.278505
70   -0.288949
71   -0.300903
72   -0.293552
73   -0.29109
74   -0.304867
75   -0.314996
76   -0.305332
77   -0.316729
78   -0.308368
79   -0.321716
80   -0.319411
81   -0.317525
82   -0.330614
83   -0.335572
84   -0.344839
85   -0.351927
86   -0.349288
87   -0.341527
88   -0.352982
89   -0.345586
90   -0.347959
91   -0.354555
92   -0.360543
93   -0.361575
94   -0.364396
95   -0.373075
96   -0.363708
97   -0.374737
98   -0.383758
99   -0.383111
100   -0.38705
101   -0.380118
102   -0.383323
103   -0.386969
104   -0.389207
105   -0.393281
106   -0.391135
107   -0.394541
108   -0.400012
109   -0.404223
110   -0.400874
111   -0.413088
112   -0.413228
113   -0.41091
114   -0.415437
115   -0.418021
116   -0.414426
117   -0.420256
118   -0.415458
119   -0.423854
120   -0.429239
121   -0.420343
122   -0.42846
123   -0.432204
124   -0.430105
125   -0.436773
126   -0.434662
127   -0.433394
128   -0.44219
129   -0.436791
130   -0.445133
131   -0.443187
132   -0.440359
133   -0.439912
134   -0.44877
135   -0.454603
136   -0.449083
137   -0.455024
138   -0.448217
139   -0.452942
140   -0.453555
141   -0.46552
142   -0.462057
143   -0.467092
144   -0.457062
145   -0.45806
146   -0.46991
147   -0.464294
148   -0.473771
149   -0.470226
150   -0.470758
151   -0.477864
152   -0.479272
153   -0.474484
154   -0.482734
155   -0.483932
156   -0.467342
157   -0.470308
158   -0.48947
159   -0.477263
160   -0.480817
161   -0.484653
162   -0.492682
163   -0.481062
164   -0.482632
165   -0.482657
166   -0.484604
167   -0.48598
168   -0.484501
169   -0.484719
170   -0.483145
171   -0.488953
172   -0.492438
173   -0.492908
174   -0.491629
175   -0.496118
176   -0.492788
177   -0.503687
178   -0.504002
179   -0.492142
180   -0.503411
181   -0.500349
182   -0.503891
183   -0.50239
184   -0.505907
185   -0.499138
186   -0.500956
187   -0.499992
188   -0.503844
189   -0.50535
190   -0.502094
191   -0.508439
192   -0.503368
193   -0.508535
194   -0.508579
195   -0.509923
196   -0.504204
197   -0.509149
198   -0.510042
199   -0.501923
200   -0.512401
201   -0.516134
202   -0.514014
203   -0.509953
204   -0.507568
205   -0.508609
206   -0.511564
207   -0.518774
208   -0.515437
209   -0.514557
210   -0.510183
211   -0.512487
212   -0.517348
213   -0.51407
214   -0.513186
215   -0.512716
216   -0.52302
217   -0.516728
218   -0.517187
219   -0.513824
220   -0.516469
221   -0.517043
222   -0.517261
223   -0.51517
224   -0.519726
225   -0.507923
226   -0.518356
227   -0.518123
228   -0.521379
229   -0.518484
230   -0.521773
231   -0.524028
232   -0.513601
233   -0.522745
234   -0.51773
235   -0.518127
236   -0.524106
237   -0.525027
238   -0.524928
239   -0.52432
240   -0.489484
241   -0.520565
242   -0.520524
243   -0.522613
244   -0.52167
245   -0.519251
246   -0.516248
247   -0.523229
248   -0.52146
249   -0.524069
250   -0.526434
251   -0.522271
252   -0.526255
253   -0.526469
254   -0.5213
255   -0.525158
256   -0.524566
257   -0.524449
258   -0.523839
259   -0.527546
260   -0.525492
261   -0.528138
262   -0.5261
263   -0.526042
264   -0.526091
265   -0.525781
266   -0.527317
267   -0.529977
268   -0.520385
269   -0.528846
270   -0.527713
271   -0.526954
272   -0.525436
273   -0.525633
274   -0.526558
275   -0.526873
276   -0.529994
277   -0.528695
278   -0.523786
279   -0.527194
280   -0.528707
281   -0.528859
282   -0.52606
283   -0.525764
284   -0.529553
285   -0.529887
286   -0.530708
287   -0.528936
288   -0.530508
289   -0.528187
290   -0.527904
291   -0.531002
292   -0.531026
293   -0.529061
294   -0.526833
295   -0.533582
296   -0.529531
297   -0.531038
298   -0.53151
299   -0.528442
300   -0.531065
301   -0.531239
302   -0.529074
303   -0.532499
304   -0.524299
305   -0.530947
306   -0.5296
307   -0.530587
308   -0.53337
309   -0.532469
310   -0.530946
311   -0.530553
312   -0.534513
313   -0.532412
314   -0.531952
315   -0.520019
316   -0.533478
317   -0.532705
318   -0.528879
319   -0.531189
320   -0.531624
321   -0.532176
322   -0.530405
323   -0.530568
324   -0.531619
325   -0.532799
326   -0.5321
327   -0.529091
328   -0.528067
329   -0.522208
330   -0.534324
331   -0.532159
332   -0.528951
333   -0.534493
334   -0.530385
335   -0.533966
336   -0.531059
337   -0.535805
338   -0.53153
339   -0.531877
340   -0.534627
341   -0.537122
342   -0.534748
343   -0.534307
344   -0.535265
345   -0.533483
346   -0.531028
347   -0.529003
348   -0.534932
349   -0.533656
350   -0.53398
351   -0.535156
352   -0.533021
353   -0.533171
354   -0.538012
355   -0.532071
356   -0.533679
357   -0.532524
358   -0.537463
359   -0.536035
360   -0.534653
361   -0.530633
362   -0.53483
363   -0.528773
364   -0.538279
365   -0.53525
366   -0.534035
367   -0.53722
368   -0.530781
369   -0.535576
370   -0.535442
371   -0.532775
372   -0.537366
373   -0.534855
374   -0.535919
375   -0.536768
376   -0.534777
377   -0.539051
378   -0.531811
379   -0.538124
380   -0.536507
381   -0.536668
382   -0.533651
383   -0.536368
384   -0.538116
385   -0.538057
386   -0.535359
387   -0.538552
388   -0.537164
389   -0.533157
390   -0.536003
391   -0.534863
392   -0.53471
393   -0.537646
394   -0.537913
395   -0.534974
396   -0.538396
397   -0.536763
398   -0.534886
399   -0.523598
400   -0.538081
401   -0.532335
402   -0.535231
403   -0.535435
404   -0.538383
405   -0.537856
406   -0.535626
407   -0.538365
408   -0.536707
409   -0.536048
410   -0.53645
411   -0.534805
412   -0.539313
413   -0.537656
414   -0.538243
415   -0.537506
416   -0.536906
417   -0.53425
418   -0.536015
419   -0.534955
420   -0.536465
421   -0.535515
422   -0.536648
423   -0.538209
424   -0.537649
425   -0.536893
426   -0.535605
427   -0.535916
428   -0.536635
429   -0.538028
430   -0.53997
431   -0.540067
432   -0.537284
433   -0.539132
434   -0.530641
435   -0.538025
436   -0.538748
437   -0.537245
438   -0.538319
439   -0.536061
440   -0.536308
441   -0.534176
442   -0.540072
443   -0.539234
444   -0.53746
445   -0.538345
446   -0.537326
447   -0.540982
448   -0.540154
449   -0.535772
450   -0.535905
451   -0.539064
452   -0.53867
453   -0.536872
454   -0.538116
455   -0.539126
456   -0.538286
457   -0.525802
458   -0.536982
459   -0.536024
460   -0.536362
461   -0.533252
462   -0.53956
463   -0.538303
464   -0.533686
465   -0.537509
466   -0.538527
467   -0.540911
468   -0.538438
469   -0.53826
470   -0.539846
471   -0.535974
472   -0.537138
473   -0.541958
474   -0.53827
475   -0.540274
476   -0.537348
477   -0.537261
478   -0.537387
479   -0.537737
480   -0.538123
481   -0.54053
482   -0.534566
483   -0.53685
484   -0.538401
485   -0.538436
486   -0.537003
487   -0.539672
488   -0.539647
489   -0.539676
490   -0.538687
491   -0.538633
492   -0.540934
493   -0.541412
494   -0.538868
495   -0.537128
496   -0.537852
497   -0.539729
498   -0.539868
499   -0.537292
500   -0.540125
501   -0.538872
502   -0.538954
503   -0.538228
504   -0.536579
505   -0.537891
506   -0.540118
507   -0.537073
508   -0.540239
509   -0.538249
510   -0.538302
511   -0.537969
512   -0.540164
513   -0.539274
514   -0.540101
515   -0.542515
516   -0.539228
517   -0.535247
518   -0.538154
519   -0.53829
520   -0.537768
521   -0.538495
522   -0.538949
523   -0.538375
524   -0.540379
525   -0.53845
526   -0.540863
527   -0.539898
528   -0.543351
529   -0.540482
530   -0.539049
531   -0.539602
532   -0.540192
533   -0.540074
534   -0.540373
535   -0.538711
536   -0.53951
537   -0.537445
538   -0.542366
539   -0.538273
540   -0.538969
541   -0.539403
542   -0.540064
543   -0.541459
544   -0.540429
545   -0.539302
546   -0.541745
547   -0.54102
548   -0.538412
549   -0.539115
550   -0.539406
551   -0.539119
552   -0.540157
553   -0.540958
554   -0.539408
555   -0.540881
556   -0.537723
557   -0.539699
558   -0.540648
559   -0.539919
560   -0.540562
561   -0.541801
562   -0.540008
563   -0.54261
564   -0.539064
565   -0.538961
566   -0.541925
567   -0.542436
568   -0.539477
569   -0.539835
570   -0.539583
571   -0.53987
572   -0.540211
573   -0.537911
574   -0.539346
575   -0.540504
576   -0.538708
577   -0.541459
578   -0.54032
579   -0.539892
580   -0.540905
581   -0.541242
582   -0.539664
583   -0.539401
584   -0.539664
585   -0.532211
586   -0.540127
587   -0.541349
588   -0.541363
589   -0.541038
590   -0.539665
591   -0.539092
592   -0.540161
593   -0.540026
594   -0.540122
595   -0.540539
596   -0.542166
597   -0.540107
598   -0.53825
599   -0.540459
600   -0.540963
601   -0.540207
602   -0.541597
603   -0.539936
604   -0.538884
605   -0.541507
606   -0.539963
607   -0.538241
608   -0.539917
609   -0.539627
610   -0.539628
611   -0.539623
612   -0.541507
613   -0.539827
614   -0.540276
615   -0.540611
616   -0.54114
617   -0.540376
618   -0.539998
619   -0.5391
620   -0.541719
621   -0.541597
622   -0.539451
623   -0.542725
624   -0.541593
625   -0.542638
626   -0.539744
627   -0.535937
628   -0.541717
629   -0.539527
630   -0.539544
631   -0.541385
632   -0.537085
633   -0.541757
634   -0.541441
635   -0.540719
636   -0.539731
637   -0.540346
638   -0.539473
639   -0.541214
640   -0.540346
641   -0.539478
642   -0.53988
643   -0.54172
644   -0.538537
645   -0.542026
646   -0.539473
647   -0.538192
648   -0.540712
649   -0.53892
650   -0.541241
651   -0.540212
652   -0.541663
653   -0.539913
654   -0.541909
655   -0.542237
656   -0.538981
657   -0.540339
658   -0.540705
659   -0.539887
660   -0.540921
661   -0.540087
662   -0.541332
663   -0.541341
664   -0.539791
665   -0.541555
666   -0.540407
667   -0.541682
668   -0.541062
669   -0.542248
670   -0.538454
671   -0.541593
672   -0.54166
673   -0.54195
674   -0.5407
675   -0.542078
676   -0.540947
677   -0.541961
678   -0.540449
679   -0.54199
680   -0.541383
681   -0.539539
682   -0.542777
683   -0.538762
684   -0.540845
685   -0.542861
686   -0.540597
687   -0.542768
688   -0.541219
689   -0.540927
690   -0.542271
691   -0.541508
692   -0.541923
693   -0.540519
694   -0.540648
695   -0.541421
696   -0.543501
697   -0.540439
698   -0.541358
699   -0.542359
700   -0.540494
701   -0.541951
702   -0.541155
703   -0.541393
704   -0.539643
705   -0.540728
706   -0.542071
707   -0.541813
708   -0.54211
709   -0.542309
710   -0.540433
711   -0.542211
712   -0.540397
713   -0.542256
714   -0.541934
715   -0.541781
716   -0.541645
717   -0.541694
718   -0.541807
719   -0.539604
720   -0.541744
721   -0.540427
722   -0.540774
723   -0.543657
724   -0.541671
725   -0.540769
726   -0.542407
727   -0.54136
728   -0.540804
729   -0.54267
730   -0.540135
731   -0.541138
732   -0.541416
733   -0.541152
734   -0.540858
735   -0.540307
736   -0.540494
737   -0.540123
738   -0.542311
739   -0.539204
740   -0.539206
741   -0.539467
742   -0.540928
743   -0.541901
744   -0.542608
745   -0.542658
746   -0.541868
747   -0.54344
748   -0.54093
749   -0.541869
750   -0.542366
751   -0.541975
752   -0.540805
753   -0.542367
754   -0.542154
755   -0.541092
756   -0.540706
757   -0.540927
758   -0.540797
759   -0.530937
760   -0.541303
761   -0.543246
762   -0.540248
763   -0.542686
764   -0.540463
765   -0.539555
766   -0.542739
767   -0.538332
768   -0.540348
769   -0.541671
770   -0.542795
771   -0.541262
772   -0.542459
773   -0.543062
774   -0.540516
775   -0.541312
776   -0.54161
777   -0.541938
778   -0.541572
779   -0.541607
780   -0.541422
781   -0.542632
782   -0.540003
783   -0.543143
784   -0.542153
785   -0.541851
786   -0.540586
787   -0.541058
788   -0.541433
789   -0.540967
790   -0.541731
791   -0.539505
792   -0.542167
793   -0.541143
794   -0.542126
795   -0.541462
796   -0.539544
797   -0.541615
798   -0.541884
799   -0.54158
800   -0.539038
801   -0.541794
802   -0.542001
803   -0.540533
804   -0.54111
805   -0.540591
806   -0.540573
807   -0.54121
808   -0.541624
809   -0.543102
810   -0.540368
811   -0.54015
812   -0.541277
813   -0.5415
814   -0.54124
815   -0.540633
816   -0.541817
817   -0.541861
818   -0.541531
819   -0.541991
820   -0.541032
821   -0.541498
822   -0.539588
823   -0.542239
824   -0.543478
825   -0.542966
826   -0.541128
827   -0.541614
828   -0.540459
829   -0.541782
830   -0.541958
831   -0.541405
832   -0.541232
833   -0.542695
834   -0.542632
835   -0.542694
836   -0.541841
837   -0.542315
838   -0.540987
839   -0.543801
840   -0.541922
841   -0.542287
842   -0.541834
843   -0.542368
844   -0.542674
845   -0.540073
846   -0.542736
847   -0.541555
848   -0.543079
849   -0.540184
850   -0.541814
851   -0.540941
852   -0.54019
853   -0.543303
854   -0.54236
855   -0.543695
856   -0.543902
857   -0.540868
858   -0.542156
859   -0.542501
860   -0.539649
861   -0.540402
862   -0.54174
863   -0.540848
864   -0.542747
865   -0.540314
866   -0.54228
867   -0.540838
868   -0.541815
869   -0.542169
870   -0.542743
871   -0.54221
872   -0.541537
873   -0.543163
874   -0.540576
875   -0.542477
876   -0.542168
877   -0.541306
878   -0.54259
879   -0.542318
880   -0.541159
881   -0.543503
882   -0.542003
883   -0.541914
884   -0.54279
885   -0.542093
886   -0.542418
887   -0.541335
888   -0.541309
889   -0.541302
890   -0.541403
891   -0.540706
892   -0.544018
893   -0.544671
894   -0.542557
895   -0.541506
896   -0.542114
897   -0.541724
898   -0.542976
899   -0.542405
900   -0.541809
901   -0.54131
902   -0.541951
903   -0.542029
904   -0.541799
905   -0.542039
906   -0.541653
907   -0.540994
908   -0.542373
909   -0.540144
910   -0.542168
911   -0.541717
912   -0.543931
913   -0.542758
914   -0.544274
915   -0.536806
916   -0.543315
917   -0.541331
918   -0.541893
919   -0.543319
920   -0.542786
921   -0.541998
922   -0.529467
923   -0.542898
924   -0.540766
925   -0.541054
926   -0.541736
927   -0.542552
928   -0.541373
929   -0.5413
930   -0.541808
931   -0.540879
932   -0.54324
933   -0.541269
934   -0.541361
935   -0.542895
936   -0.542357
937   -0.542459
938   -0.542416
939   -0.542479
940   -0.541979
941   -0.542312
942   -0.541355
943   -0.543051
944   -0.541966
945   -0.542623
946   -0.540641
947   -0.542024
948   -0.541061
949   -0.541421
950   -0.542633
951   -0.542034
952   -0.540339
953   -0.541454
954   -0.542115
955   -0.541843
956   -0.542512
957   -0.540763
958   -0.542645
959   -0.542008
960   -0.542578
961   -0.542565
962   -0.541434
963   -0.541307
964   -0.543648
965   -0.5412
966   -0.542647
967   -0.542304
968   -0.541702
969   -0.540629
970   -0.541757
971   -0.541981
972   -0.541754
973   -0.54146
974   -0.542674
975   -0.541067
976   -0.5426
977   -0.54228
978   -0.540466
979   -0.542416
980   -0.541547
981   -0.542284
982   -0.540887
983   -0.541816
984   -0.543949
985   -0.541726
986   -0.542235
987   -0.54126
988   -0.541075
989   -0.542688
990   -0.542392
991   -0.541678
992   -0.542946
993   -0.542389
994   -0.542246
995   -0.542612
996   -0.543813
997   -0.541762
998   -0.544348
999   -0.542077
