0   -0.330443
1   -0.413102
2   -0.499275
3   -0.573174
4   -0.677833
5   -0.733156
6   -0.804524
7   -0.855591
8   -0.895554
9   -0.94249
10   -0.976345
11   -1.00177
12   -1.02181
13   -1.04142
14   -1.05819
15   -1.06236
16   -1.07666
17   -1.09111
18   -1.10149
19   -1.11302
20   -1.12266
21   -1.13169
22   -1.12748
23   -1.13243
24   -1.13947
25   -1.14843
26   -1.14752
27   -1.15551
28   -1.15424
29   -1.15926
30   -1.16136
31   -1.16347
32   -1.16711
33   -1.16626
34   -1.17171
35   -1.17007
36   -1.17398
37   -1.17666
38   -1.17885
39   -1.18183
40   -1.18035
41   -1.18304
42   -1.18396
43   -1.18689
44   -1.18949
45   -1.18338
46   -1.1894
47   -1.18923
48   -1.18903
49   -1.1932
50   -1.19284
51   -1.19062
52   -1.19431
53   -1.19512
54   -1.19207
55   -1.19362
56   -1.19779
57   -1.19735
58   -1.19631
59   -1.19725
60   -1.19678
61   -1.19772
62   -1.19583
63   -1.19636
64   -1.19562
65   -1.19893
66   -1.19873
67   -1.20042
68   -1.19878
69   -1.20043
70   -1.20183
71   -1.20194
72   -1.20187
73   -1.20008
74   -1.1994
75   -1.20213
76   -1.19338
77   -1.20099
78   -1.20124
79   -1.19926
80   -1.19937
81   -1.20111
82   -1.20254
83   -1.20219
84   -1.20014
85   -1.20371
86   -1.19368
87   -1.19594
88   -1.19998
89   -1.19959
90   -1.20035
91   -1.20145
92   -1.20376
93   -1.20222
94   -1.20363
95   -1.19392
96   -1.19677
97   -1.19944
98   -1.20272
99   -1.20236
100   -1.20438
101   -1.20282
102   -1.20236
103   -1.20256
104   -1.20576
105   -1.20342
106   -1.20549
107   -1.20521
108   -1.20265
109   -1.20313
110   -1.20316
111   -1.20508
112   -1.19956
113   -1.19883
114   -1.20024
115   -1.20375
116   -1.20364
117   -1.20502
118   -1.19893
119   -1.20276
120   -1.20543
121   -1.20292
122   -1.20428
123   -1.20434
124   -1.20488
125   -1.20543
126   -1.20517
127   -1.20539
128   -1.20548
129   -1.2059
130   -1.20464
131   -1.20582
132   -1.2048
133   -1.20659
134   -1.2055
135   -1.20529
136   -1.2035
137   -1.20435
138   -1.20421
139   -1.20438
140   -1.20569
141   -1.20533
142   -1.20378
143   -1.2046
144   -1.20513
145   -1.20439
146   -1.20317
147   -1.20417
148   -1.20492
149   -1.20537
150   -1.20642
151   -1.20378
152   -1.20323
153   -1.20435
154   -1.20594
155   -1.17645
156   -1.20547
157   -1.20351
158   -1.20543
159   -1.20654
160   -1.20354
161   -1.20138
162   -1.20158
163   -1.20248
164   -1.20568
165   -1.20145
166   -1.20452
167   -1.20147
168   -1.20135
169   -1.20454
170   -1.20145
171   -1.20245
172   -1.20354
173   -1.20147
174   -1.20147
175   -1.18929
176   -1.19258
177   -1.19166
178   -1.19219
179   -1.19538
180   -1.19377
181   -1.19768
182   -1.19852
183   -1.19673
184   -1.19828
185   -1.19842
186   -1.19996
187   -1.20138
188   -1.19956
189   -1.20106
190   -1.20141
191   -1.20223
192   -1.20171
193   -1.20185
194   -1.20311
195   -1.20368
196   -1.20368
197   -1.20246
198   -1.20102
199   -1.20479
200   -1.20478
201   -1.20334
202   -1.20423
203   -1.20445
204   -1.20389
205   -1.20399
206   -1.20344
207   -1.20389
208   -1.20049
209   -1.20291
210   -1.20411
211   -1.20396
212   -1.19868
213   -1.20583
214   -1.20324
215   -1.20111
216   -1.20388
217   -1.20329
218   -1.20487
219   -1.20405
220   -1.20502
221   -1.20478
222   -1.20307
223   -1.20316
224   -1.20405
225   -1.20822
226   -1.20544
227   -1.20541
228   -1.20463
229   -1.20436
230   -1.20519
231   -1.2021
232   -1.20536
233   -1.20595
234   -1.20549
235   -1.20516
236   -1.20551
237   -1.20679
238   -1.20336
239   -1.20511
240   -1.20524
241   -1.20575
242   -1.20412
243   -1.20689
244   -1.20545
245   -1.20546
246   -1.20659
247   -1.20522
248   -1.20399
249   -1.20483
250   -1.20545
251   -1.20562
252   -1.20508
253   -1.20556
254   -1.20272
255   -1.20533
256   -1.20584
257   -1.20606
258   -1.20308
259   -1.20584
260   -1.20582
261   -1.2054
262   -1.20481
263   -1.20501
264   -1.20579
265   -1.20473
266   -1.20509
267   -1.20039
268   -1.20474
269   -1.20442
270   -1.20542
271   -1.20562
272   -1.20667
273   -1.19968
274   -1.203
275   -1.20424
276   -1.20349
277   -1.20318
278   -1.20514
279   -1.20572
280   -1.20477
281   -1.20457
282   -1.20689
283   -1.20455
284   -1.20494
285   -1.20684
286   -1.20314
287   -1.20601
288   -1.20579
289   -1.20475
290   -1.20555
291   -1.20554
292   -1.20539
293   -1.20537
294   -1.20519
295   -1.20542
296   -1.20417
297   -1.20667
298   -1.20595
299   -1.20612
300   -1.20675
301   -1.20513
302   -1.20595
303   -1.20576
304   -1.20527
305   -1.20685
306   -1.20657
307   -1.20572
308   -1.20701
309   -1.20671
310   -1.20585
311   -1.2059
312   -1.2052
313   -1.20557
314   -1.20527
315   -1.20396
316   -1.20449
317   -1.20597
318   -1.20092
319   -1.20563
320   -1.20553
321   -1.20629
322   -1.20622
323   -1.20717
324   -1.20692
325   -1.2065
326   -1.20643
327   -1.20536
328   -1.20561
329   -1.20673
330   -1.20655
331   -1.20719
332   -1.20474
333   -1.20619
334   -1.20583
335   -1.20489
336   -1.20635
337   -1.20596
338   -1.20614
339   -1.20698
340   -1.20407
341   -1.20612
342   -1.20429
343   -1.20278
344   -1.20558
345   -1.20567
346   -1.20685
347   -1.20628
348   -1.2055
349   -1.20624
350   -1.20535
351   -1.20773
352   -1.20451
353   -1.20446
354   -1.20693
355   -1.20553
356   -1.20605
357   -1.20528
358   -1.20463
359   -1.20582
360   -1.20526
361   -1.20574
362   -1.20568
363   -1.20675
364   -1.20608
365   -1.20664
366   -1.20444
367   -1.20603
368   -1.20693
369   -1.20679
370   -1.20512
371   -1.20612
372   -1.2035
373   -1.20542
374   -1.20481
375   -1.20573
376   -1.20656
377   -1.20675
378   -1.20563
379   -1.20655
380   -1.20609
381   -1.20529
382   -1.20538
383   -1.2063
384   -1.20567
385   -1.20652
386   -1.20627
387   -1.2061
388   -1.20691
389   -1.20536
390   -1.20662
391   -1.20667
392   -1.20679
393   -1.20649
394   -1.20546
395   -1.20598
396   -1.2044
397   -1.19839
398   -1.20605
399   -1.20548
400   -1.20611
401   -1.2039
402   -1.20231
403   -1.20644
404   -1.20618
405   -1.20704
406   -1.20702
407   -1.20536
408   -1.20363
409   -1.19923
410   -1.20489
411   -1.20522
412   -1.20412
413   -1.20518
414   -1.20594
415   -1.20552
416   -1.20532
417   -1.20412
418   -1.20708
419   -1.20503
420   -1.20573
421   -1.20506
422   -1.20589
423   -1.20669
424   -1.20583
425   -1.20665
426   -1.20558
427   -1.20586
428   -1.20604
429   -1.20491
430   -1.20634
431   -1.20489
432   -1.20596
433   -1.20554
434   -1.20704
435   -1.20559
436   -1.20553
437   -1.20599
438   -1.20565
439   -1.20709
440   -1.20584
441   -1.20645
442   -1.20634
443   -1.20732
444   -1.2062
445   -1.20668
446   -1.20678
447   -1.20648
448   -1.20677
449   -1.20715
450   -1.20553
451   -1.20674
452   -1.2068
453   -1.20641
454   -1.20506
455   -1.20633
456   -1.20583
457   -1.20625
458   -1.20688
459   -1.2045
460   -1.20718
461   -1.20655
462   -1.20716
463   -1.2047
464   -1.20668
465   -1.20625
466   -1.20158
467   -1.20411
468   -1.20597
469   -1.2058
470   -1.20534
471   -1.20658
472   -1.20298
473   -1.20583
474   -1.20487
475   -1.19933
476   -1.20394
477   -1.20483
478   -1.20469
479   -1.20489
480   -1.20334
481   -1.20524
482   -1.2061
483   -1.20585
484   -1.20693
485   -1.20656
486   -1.20672
487   -1.20657
488   -1.2066
489   -1.20695
490   -1.20601
491   -1.20676
492   -1.20678
493   -1.20573
494   -1.20511
495   -1.20531
496   -1.20617
497   -1.20668
498   -1.20628
499   -1.20567
500   -1.20653
501   -1.20666
502   -1.20654
503   -1.20577
504   -1.19291
505   -1.20391
506   -1.20375
507   -1.20289
508   -1.20547
509   -1.20591
510   -1.20509
511   -1.20658
512   -1.20553
513   -1.20338
514   -1.2071
515   -1.20793
516   -1.207
517   -1.20646
518   -1.20676
519   -1.20721
520   -1.20491
521   -1.20671
522   -1.20607
523   -1.20649
524   -1.20758
525   -1.20703
526   -1.20608
527   -1.20612
528   -1.2068
529   -1.20598
530   -1.206
531   -1.20671
532   -1.20704
533   -1.20756
534   -1.20636
535   -1.20637
536   -1.20625
537   -1.20773
538   -1.20528
539   -1.20694
540   -1.20654
541   -1.20704
542   -1.20545
543   -1.20661
544   -1.20708
545   -1.20571
546   -1.2062
547   -1.20682
548   -1.20594
549   -1.20581
550   -1.20707
551   -1.20376
552   -1.20633
553   -1.20569
554   -1.2066
555   -1.20585
556   -1.20695
557   -1.20631
558   -1.20674
559   -1.20594
560   -1.20681
561   -1.20336
562   -1.20686
563   -1.20766
564   -1.20605
565   -1.20711
566   -1.20573
567   -1.20638
568   -1.20763
569   -1.20693
570   -1.20704
571   -1.20624
572   -1.20686
573   -1.20597
574   -1.20681
575   -1.19904
576   -1.20263
577   -1.20513
578   -1.20486
579   -1.20441
580   -1.20604
581   -1.20495
582   -1.20552
583   -1.20478
584   -1.2056
585   -1.20527
586   -1.20584
587   -1.20573
588   -1.2022
589   -1.20377
590   -1.20565
591   -1.20554
592   -1.20389
593   -1.20683
594   -1.20617
595   -1.20621
596   -1.20622
597   -1.20637
598   -1.20639
599   -1.20679
600   -1.20448
601   -1.20622
602   -1.20532
603   -1.20589
604   -1.20693
605   -1.20624
606   -1.19977
607   -1.20416
608   -1.20575
609   -1.20484
610   -1.20633
611   -1.20631
612   -1.20385
613   -1.20599
614   -1.20759
615   -1.20627
616   -1.20554
617   -1.20457
618   -1.20587
619   -1.2058
620   -1.20704
621   -1.20634
622   -1.20669
623   -1.20753
624   -1.20752
625   -1.20655
626   -1.20683
627   -1.20713
628   -1.20665
629   -1.20272
630   -1.20607
631   -1.20629
632   -1.2066
633   -1.20689
634   -1.2061
635   -1.20578
636   -1.20648
637   -1.20699
638   -1.20254
639   -1.20687
640   -1.20728
641   -1.20581
642   -1.20742
643   -1.20397
644   -1.20609
645   -1.20634
646   -1.2069
647   -1.20411
648   -1.2053
649   -1.20571
650   -1.2069
651   -1.20589
652   -1.20467
653   -1.20647
654   -1.20756
655   -1.20571
656   -1.20566
657   -1.20652
658   -1.20725
659   -1.20742
660   -1.20716
661   -1.20645
662   -1.20689
663   -1.20516
664   -1.2069
665   -1.20675
666   -1.20657
667   -1.20687
668   -1.20594
669   -1.2047
670   -1.2059
671   -1.20671
672   -1.20674
673   -1.20688
674   -1.20618
675   -1.20722
676   -1.2025
677   -1.20706
678   -1.20586
679   -1.20703
680   -1.20633
681   -1.20538
682   -1.20673
683   -1.1962
684   -1.19837
685   -1.20136
686   -1.20266
687   -1.20424
688   -1.2049
689   -1.20154
690   -1.20633
691   -1.20452
692   -1.20377
693   -1.20557
694   -1.20654
695   -1.20602
696   -1.20298
697   -1.20424
698   -1.206
699   -1.20456
700   -1.20647
701   -1.20647
702   -1.20644
703   -1.20712
704   -1.20637
705   -1.2069
706   -1.20486
707   -1.20706
708   -1.20618
709   -1.20623
710   -1.20574
711   -1.20723
712   -1.20639
713   -1.20521
714   -1.20614
715   -1.20727
716   -1.20567
717   -1.20696
718   -1.20067
719   -1.20358
720   -1.20676
721   -1.20467
722   -1.20632
723   -1.20536
724   -1.20684
725   -1.20567
726   -1.2051
727   -1.20591
728   -1.20741
729   -1.2066
730   -1.20633
731   -1.20743
732   -1.2075
733   -1.20557
734   -1.20626
735   -1.20659
736   -1.2065
737   -1.19799
738   -1.20566
739   -1.20466
740   -1.20175
741   -1.2052
742   -1.20634
743   -1.20526
744   -1.20426
745   -1.20604
746   -1.20641
747   -1.20782
748   -1.20765
749   -1.20559
750   -1.2058
751   -1.20608
752   -1.20625
753   -1.20666
754   -1.20762
755   -1.20552
756   -1.2066
757   -1.2073
758   -1.20609
759   -1.20624
760   -1.20724
761   -1.20667
762   -1.20526
763   -1.20669
764   -1.20641
765   -1.20647
766   -1.20729
767   -1.20538
768   -1.20635
769   -1.20619
770   -1.20626
771   -1.20615
772   -1.20641
773   -1.20418
774   -1.20632
775   -1.20513
776   -1.20622
777   -1.20709
778   -1.2071
779   -1.20442
780   -1.2061
781   -1.20606
782   -1.20687
783   -1.20654
784   -1.20288
785   -1.20681
786   -1.20705
787   -1.2063
788   -1.20709
789   -1.20655
790   -1.20733
791   -1.20642
792   -1.20596
793   -1.20641
794   -1.20699
795   -1.20674
796   -1.20556
797   -1.20735
798   -1.20744
799   -1.20707
800   -1.20699
801   -1.20666
802   -1.20714
803   -1.20593
804   -1.20749
805   -1.2073
806   -1.20629
807   -1.20605
808   -1.2062
809   -1.20726
810   -1.20648
811   -1.20585
812   -1.20603
813   -1.20529
814   -1.20742
815   -1.20596
816   -1.20696
817   -1.20537
818   -1.20667
819   -1.20654
820   -1.20717
821   -1.20666
822   -1.20597
823   -1.20583
824   -1.20624
825   -1.20659
826   -1.2067
827   -1.20692
828   -1.20722
829   -1.20607
830   -1.20637
831   -1.20767
832   -1.20716
833   -1.20693
834   -1.20682
835   -1.20665
836   -1.20551
837   -1.19959
838   -1.20533
839   -1.20542
840   -1.20615
841   -1.20697
842   -1.20592
843   -1.20603
844   -1.20628
845   -1.20683
846   -1.20513
847   -1.20669
848   -1.20702
849   -1.20677
850   -1.20634
851   -1.2052
852   -1.20616
853   -1.20665
854   -1.20658
855   -1.20675
856   -1.2064
857   -1.20649
858   -1.20488
859   -1.20652
860   -1.20693
861   -1.20709
862   -1.2068
863   -1.20561
864   -1.20702
865   -1.20756
866   -1.20648
867   -1.2072
868   -1.20617
869   -1.20674
870   -1.2066
871   -1.20713
872   -1.20728
873   -1.20668
874   -1.20611
875   -1.20625
876   -1.20674
877   -1.2067
878   -1.20571
879   -1.20667
880   -1.20737
881   -1.20651
882   -1.20704
883   -1.20678
884   -1.20692
885   -1.20668
886   -1.20702
887   -1.20627
888   -1.20683
889   -1.20771
890   -1.20579
891   -1.20659
892   -1.20572
893   -1.20903
894   -1.20681
895   -1.20696
896   -1.20733
897   -1.20662
898   -1.20657
899   -1.20553
900   -1.20553
901   -1.20507
902   -1.20652
903   -1.20746
904   -1.20519
905   -1.2073
906   -1.20308
907   -1.2072
908   -1.20654
909   -1.20646
910   -1.20685
911   -1.20655
912   -1.20716
913   -1.20729
914   -1.20493
915   -1.20775
916   -1.20653
917   -1.20561
918   -1.2053
919   -1.20619
920   -1.2074
921   -1.2059
922   -1.20579
923   -1.20745
924   -1.2068
925   -1.20642
926   -1.20526
927   -1.20564
928   -1.20468
929   -1.20603
930   -1.20497
931   -1.20547
932   -1.20631
933   -1.20211
934   -1.20177
935   -1.20645
936   -1.20631
937   -1.2057
938   -1.20631
939   -1.20433
940   -1.2064
941   -1.20524
942   -1.2061
943   -1.2066
944   -1.20778
945   -1.20777
946   -1.20615
947   -1.20637
948   -1.2063
949   -1.20583
950   -1.20556
951   -1.20625
952   -1.20687
953   -1.20456
954   -1.20621
955   -1.20566
956   -1.20721
957   -1.20562
958   -1.20667
959   -1.20691
960   -1.20592
961   -1.20665
962   -1.20657
963   -1.20718
964   -1.20698
965   -1.20686
966   -1.20393
967   -1.20569
968   -1.20668
969   -1.20698
970   -1.20279
971   -1.2056
972   -1.20539
973   -1.20684
974   -1.20672
975   -1.2057
976   -1.20747
977   -1.20639
978   -1.20673
979   -1.20688
980   -1.20629
981   -1.20473
982   -1.20634
983   -1.20668
984   -1.20377
985   -1.207
986   -1.20677
987   -1.2068
988   -1.20293
989   -1.20545
990   -1.20686
991   -1.20564
992   -1.19937
993   -1.20571
994   -1.20457
995   -1.20525
996   -1.20656
997   -1.2059
998   -1.20573
999   -1.20701
