0   -0.0605259
1   -0.134764
2   -0.229546
3   -0.313226
4   -0.40067
5   -0.469213
6   -0.531583
7   -0.594884
8   -0.637936
9   -0.689053
10   -0.723308
11   -0.754766
12   -0.769605
13   -0.797723
14   -0.813886
15   -0.82752
16   -0.844491
17   -0.857719
18   -0.863235
19   -0.869548
20   -0.875741
21   -0.892458
22   -0.893602
23   -0.907494
24   -0.906906
25   -0.911533
26   -0.913116
27   -0.923635
28   -0.928909
29   -0.932382
30   -0.93417
31   -0.935834
32   -0.939579
33   -0.935486
34   -0.945539
35   -0.942976
36   -0.949465
37   -0.953016
38   -0.95697
39   -0.958153
40   -0.957862
41   -0.960287
42   -0.961702
43   -0.965938
44   -0.964738
45   -0.96253
46   -0.961817
47   -0.963554
48   -0.963106
49   -0.968161
50   -0.968712
51   -0.968601
52   -0.969489
53   -0.969287
54   -0.967892
55   -0.971604
56   -0.965612
57   -0.970885
58   -0.968968
59   -0.970758
60   -0.971007
61   -0.973369
62   -0.97242
63   -0.972269
64   -0.971567
65   -0.9741
66   -0.972635
67   -0.974969
68   -0.975129
69   -0.972771
70   -0.975293
71   -0.976224
72   -0.976829
73   -0.975408
74   -0.975738
75   -0.976041
76   -0.975132
77   -0.975945
78   -0.973334
79   -0.9772
80   -0.975694
81   -0.974056
82   -0.976361
83   -0.977014
84   -0.977359
85   -0.975865
86   -0.975219
87   -0.976145
88   -0.973856
89   -0.973931
90   -0.976617
91   -0.973861
92   -0.977717
93   -0.976673
94   -0.976543
95   -0.97652
96   -0.977107
97   -0.97605
98   -0.976693
99   -0.97587
100   -0.975831
101   -0.974993
102   -0.978369
103   -0.974932
104   -0.977627
105   -0.975957
106   -0.97527
107   -0.976236
108   -0.972115
109   -0.975667
110   -0.97802
111   -0.976097
112   -0.977627
113   -0.977341
114   -0.976907
115   -0.977174
116   -0.978256
117   -0.97373
118   -0.978806
119   -0.97566
120   -0.976966
121   -0.975308
122   -0.976252
123   -0.978818
124   -0.977885
125   -0.977443
126   -0.977516
127   -0.97726
128   -0.973601
129   -0.975008
130   -0.977248
131   -0.978209
132   -0.97742
133   -0.976
134   -0.977176
135   -0.977176
136   -0.977818
137   -0.977309
138   -0.974979
139   -0.977712
140   -0.977321
141   -0.976123
142   -0.965684
143   -0.976578
144   -0.975074
145   -0.976624
146   -0.975233
147   -0.977342
148   -0.976783
149   -0.978168
150   -0.976781
151   -0.975938
152   -0.977857
153   -0.977228
154   -0.977768
155   -0.9772
156   -0.978347
157   -0.979039
158   -0.977584
159   -0.976434
160   -0.969811
161   -0.97475
162   -0.975637
163   -0.970543
164   -0.975456
165   -0.974179
166   -0.976878
167   -0.977251
168   -0.975139
169   -0.976725
170   -0.977713
171   -0.97867
172   -0.976056
173   -0.973584
174   -0.975789
175   -0.976172
176   -0.975382
177   -0.977034
178   -0.975977
179   -0.97737
180   -0.975709
181   -0.958995
182   -0.945592
183   -0.955401
184   -0.96064
185   -0.967215
186   -0.967811
187   -0.972636
188   -0.971181
189   -0.974102
190   -0.973613
191   -0.975683
192   -0.975879
193   -0.976726
194   -0.9768
195   -0.977805
196   -0.978063
197   -0.968933
198   -0.970861
199   -0.971477
200   -0.97688
201   -0.974027
202   -0.978085
203   -0.976963
204   -0.971379
205   -0.968979
206   -0.971412
207   -0.976011
208   -0.972835
209   -0.977329
210   -0.977352
211   -0.976742
212   -0.975797
213   -0.977529
214   -0.978252
215   -0.978426
216   -0.976666
217   -0.978782
218   -0.977609
219   -0.97771
220   -0.977366
221   -0.977675
222   -0.966135
223   -0.97437
224   -0.9749
225   -0.972259
226   -0.975264
227   -0.976799
228   -0.977741
229   -0.976753
230   -0.97873
231   -0.977067
232   -0.977708
233   -0.977639
234   -0.976651
235   -0.974799
236   -0.9776
237   -0.977244
238   -0.977595
239   -0.976028
240   -0.979123
241   -0.978562
242   -0.975247
243   -0.977422
244   -0.978374
245   -0.976847
246   -0.978023
247   -0.97734
248   -0.977209
249   -0.976451
250   -0.9711
251   -0.977562
252   -0.977585
253   -0.976451
254   -0.9762
255   -0.97764
256   -0.975679
257   -0.977542
258   -0.961894
259   -0.879723
260   -0.915723
261   -0.950837
262   -0.958626
263   -0.967506
264   -0.970989
265   -0.971401
266   -0.97452
267   -0.971674
268   -0.975161
269   -0.975928
270   -0.976582
271   -0.974829
272   -0.976165
273   -0.975852
274   -0.976411
275   -0.977822
276   -0.977306
277   -0.977792
278   -0.978483
279   -0.976878
280   -0.975923
281   -0.97762
282   -0.976023
283   -0.977278
284   -0.977625
285   -0.977631
286   -0.977936
287   -0.978529
288   -0.978069
289   -0.977744
290   -0.977497
291   -0.977779
292   -0.976555
293   -0.978664
294   -0.976465
295   -0.977943
296   -0.978648
297   -0.97779
298   -0.977128
299   -0.967429
300   -0.969817
301   -0.972687
302   -0.972561
303   -0.972567
304   -0.975825
305   -0.976888
306   -0.975699
307   -0.976013
308   -0.977063
309   -0.977202
310   -0.977885
311   -0.975962
312   -0.975754
313   -0.976852
314   -0.976615
315   -0.977673
316   -0.977829
317   -0.977625
318   -0.97842
319   -0.976796
320   -0.978053
321   -0.97704
322   -0.977469
323   -0.977932
324   -0.978598
325   -0.977402
326   -0.976027
327   -0.977983
328   -0.974097
329   -0.977503
330   -0.977479
331   -0.97895
332   -0.977732
333   -0.977081
334   -0.97612
335   -0.976344
336   -0.978111
337   -0.977
338   -0.976993
339   -0.979421
340   -0.979198
341   -0.978901
342   -0.977818
343   -0.978138
344   -0.978694
345   -0.977317
346   -0.976656
347   -0.977571
348   -0.978082
349   -0.975622
350   -0.978564
351   -0.978018
352   -0.977028
353   -0.978121
354   -0.978455
355   -0.977588
356   -0.975825
357   -0.97569
358   -0.976989
359   -0.978724
360   -0.978065
361   -0.978057
362   -0.977255
363   -0.977063
364   -0.977166
365   -0.97814
366   -0.978171
367   -0.9783
368   -0.977216
369   -0.977771
370   -0.975431
371   -0.973985
372   -0.975769
373   -0.97676
374   -0.977594
375   -0.977769
376   -0.977868
377   -0.978675
378   -0.977092
379   -0.976335
380   -0.977977
381   -0.978296
382   -0.977357
383   -0.977081
384   -0.977378
385   -0.976235
386   -0.968728
387   -0.976434
388   -0.978888
389   -0.975771
390   -0.975681
391   -0.976977
392   -0.978238
393   -0.977354
394   -0.975965
395   -0.973036
396   -0.975348
397   -0.977503
398   -0.977307
399   -0.976188
400   -0.975665
401   -0.97787
402   -0.97576
403   -0.97792
404   -0.977205
405   -0.977847
406   -0.977999
407   -0.977671
408   -0.977556
409   -0.978315
410   -0.977096
411   -0.978848
412   -0.97625
413   -0.97866
414   -0.977181
415   -0.977423
416   -0.977269
417   -0.978908
418   -0.976091
419   -0.977815
420   -0.97713
421   -0.977467
422   -0.978346
423   -0.977524
424   -0.977863
425   -0.977328
426   -0.977459
427   -0.979255
428   -0.977164
429   -0.977102
430   -0.977985
431   -0.978832
432   -0.973019
433   -0.977936
434   -0.979208
435   -0.975438
436   -0.977254
437   -0.975364
438   -0.978809
439   -0.97711
440   -0.976071
441   -0.977512
442   -0.977878
443   -0.978164
444   -0.977657
445   -0.976147
446   -0.978673
447   -0.977674
448   -0.976658
449   -0.977831
450   -0.977968
451   -0.977902
452   -0.978259
453   -0.978491
454   -0.978951
455   -0.978399
456   -0.972519
457   -0.974525
458   -0.974902
459   -0.978424
460   -0.977698
461   -0.976803
462   -0.977188
463   -0.976892
464   -0.978109
465   -0.977925
466   -0.977518
467   -0.978437
468   -0.978004
469   -0.976922
470   -0.976889
471   -0.978094
472   -0.977329
473   -0.97522
474   -0.97826
475   -0.979592
476   -0.960829
477   -0.966774
478   -0.968875
479   -0.973116
480   -0.972371
481   -0.977779
482   -0.974443
483   -0.977169
484   -0.977527
485   -0.975672
486   -0.97749
487   -0.977433
488   -0.976816
489   -0.978588
490   -0.969996
491   -0.973655
492   -0.977784
493   -0.978069
494   -0.977549
495   -0.97655
496   -0.97788
497   -0.975576
498   -0.976547
499   -0.974095
500   -0.977666
501   -0.977675
502   -0.977595
503   -0.978023
504   -0.9787
505   -0.977342
506   -0.975752
507   -0.977752
508   -0.978765
509   -0.9785
510   -0.978545
511   -0.97795
512   -0.977661
513   -0.976907
514   -0.977171
515   -0.97867
516   -0.976842
517   -0.977971
518   -0.978671
519   -0.976699
520   -0.976221
521   -0.977768
522   -0.977258
523   -0.9779
524   -0.978787
525   -0.977886
526   -0.977248
527   -0.978472
528   -0.976653
529   -0.978394
530   -0.978387
531   -0.977784
532   -0.977871
533   -0.978286
534   -0.977824
535   -0.975314
536   -0.97562
537   -0.976762
538   -0.978194
539   -0.97673
540   -0.976939
541   -0.977736
542   -0.978001
543   -0.977613
544   -0.97804
545   -0.9787
546   -0.976839
547   -0.979162
548   -0.978729
549   -0.977897
550   -0.978277
551   -0.977978
552   -0.978653
553   -0.977602
554   -0.978073
555   -0.978286
556   -0.97901
557   -0.978096
558   -0.978646
559   -0.976935
560   -0.978538
561   -0.97567
562   -0.976642
563   -0.978509
564   -0.977974
565   -0.978467
566   -0.978663
567   -0.978435
568   -0.972258
569   -0.97682
570   -0.977585
571   -0.97725
572   -0.97793
573   -0.977273
574   -0.977808
575   -0.978468
576   -0.977804
577   -0.979063
578   -0.978528
579   -0.977694
580   -0.977981
581   -0.976986
582   -0.978563
583   -0.97839
584   -0.977548
585   -0.978796
586   -0.978766
587   -0.974015
588   -0.97294
589   -0.97746
590   -0.976679
591   -0.978655
592   -0.977135
593   -0.978255
594   -0.977663
595   -0.978352
596   -0.977873
597   -0.978715
598   -0.978765
599   -0.977778
600   -0.978228
601   -0.976977
602   -0.978772
603   -0.978007
604   -0.978099
605   -0.977504
606   -0.97761
607   -0.976764
608   -0.976809
609   -0.978383
610   -0.977953
611   -0.978418
612   -0.9774
613   -0.977857
614   -0.977918
615   -0.976559
616   -0.977652
617   -0.978695
618   -0.977156
619   -0.978336
620   -0.979085
621   -0.978694
622   -0.977363
623   -0.978019
624   -0.976997
625   -0.976791
626   -0.978201
627   -0.977044
628   -0.979107
629   -0.977342
630   -0.97867
631   -0.977819
632   -0.978109
633   -0.978806
634   -0.976952
635   -0.977972
636   -0.979085
637   -0.977536
638   -0.978336
639   -0.977546
640   -0.975278
641   -0.979006
642   -0.977942
643   -0.97719
644   -0.977124
645   -0.977597
646   -0.978165
647   -0.977204
648   -0.978218
649   -0.978619
650   -0.977371
651   -0.978542
652   -0.977066
653   -0.978407
654   -0.977932
655   -0.977556
656   -0.977247
657   -0.97856
658   -0.978288
659   -0.977987
660   -0.978575
661   -0.977983
662   -0.974727
663   -0.978013
664   -0.977222
665   -0.976772
666   -0.978061
667   -0.978396
668   -0.977313
669   -0.97839
670   -0.978035
671   -0.977807
672   -0.978147
673   -0.980133
674   -0.978953
675   -0.978608
676   -0.977626
677   -0.980592
678   -0.976859
679   -0.975396
680   -0.977419
681   -0.976426
682   -0.978526
683   -0.976416
684   -0.97725
685   -0.976803
686   -0.97899
687   -0.978387
688   -0.977208
689   -0.977137
690   -0.977105
691   -0.977782
692   -0.976887
693   -0.97546
694   -0.9786
695   -0.979391
696   -0.97816
697   -0.97821
698   -0.978515
699   -0.978567
700   -0.978137
701   -0.978179
702   -0.977899
703   -0.978847
704   -0.977951
705   -0.978168
706   -0.977779
707   -0.972766
708   -0.977599
709   -0.977716
710   -0.977637
711   -0.977713
712   -0.977589
713   -0.976702
714   -0.976951
715   -0.976626
716   -0.977745
717   -0.978912
718   -0.978578
719   -0.977874
720   -0.977744
721   -0.978784
722   -0.979005
723   -0.978443
724   -0.978335
725   -0.977682
726   -0.97788
727   -0.97788
728   -0.977997
729   -0.977895
730   -0.977524
731   -0.976061
732   -0.977101
733   -0.977274
734   -0.978372
735   -0.9787
736   -0.979236
737   -0.976969
738   -0.977019
739   -0.977781
740   -0.977609
741   -0.977773
742   -0.977854
743   -0.978731
744   -0.977885
745   -0.978627
746   -0.977546
747   -0.978197
748   -0.97794
749   -0.97878
750   -0.978942
751   -0.977446
752   -0.978329
753   -0.974915
754   -0.977156
755   -0.979097
756   -0.976909
757   -0.97855
758   -0.977442
759   -0.977353
760   -0.975757
761   -0.978456
762   -0.978321
763   -0.977543
764   -0.97832
765   -0.973286
766   -0.977146
767   -0.97778
768   -0.978282
769   -0.977911
770   -0.97779
771   -0.978357
772   -0.97737
773   -0.979029
774   -0.978139
775   -0.978373
776   -0.977792
777   -0.978734
778   -0.973679
779   -0.97855
780   -0.978127
781   -0.979521
782   -0.977502
783   -0.977309
784   -0.971566
785   -0.975069
786   -0.974753
787   -0.977472
788   -0.977667
789   -0.976236
790   -0.977006
791   -0.977809
792   -0.978196
793   -0.978204
794   -0.977575
795   -0.977144
796   -0.977372
797   -0.978694
798   -0.977786
799   -0.977449
800   -0.978632
801   -0.977457
802   -0.979557
803   -0.976678
804   -0.978291
805   -0.973243
806   -0.977954
807   -0.974892
808   -0.978147
809   -0.975503
810   -0.977013
811   -0.976359
812   -0.978123
813   -0.978
814   -0.978392
815   -0.977676
816   -0.9779
817   -0.976503
818   -0.97819
819   -0.978638
820   -0.978407
821   -0.977278
822   -0.978619
823   -0.978636
824   -0.979176
825   -0.978639
826   -0.978595
827   -0.977793
828   -0.977887
829   -0.978287
830   -0.979251
831   -0.974917
832   -0.978316
833   -0.978721
834   -0.9787
835   -0.978586
836   -0.978047
837   -0.978707
838   -0.977911
839   -0.978174
840   -0.979464
841   -0.978669
842   -0.978918
843   -0.978545
844   -0.978508
845   -0.977815
846   -0.978354
847   -0.97634
848   -0.978686
849   -0.975646
850   -0.978965
851   -0.978925
852   -0.976758
853   -0.978119
854   -0.978131
855   -0.97847
856   -0.977926
857   -0.973431
858   -0.977225
859   -0.978263
860   -0.975248
861   -0.978719
862   -0.977352
863   -0.97725
864   -0.969368
865   -0.976305
866   -0.976374
867   -0.97707
868   -0.977127
869   -0.978069
870   -0.978161
871   -0.977787
872   -0.978033
873   -0.979399
874   -0.977839
875   -0.977804
876   -0.976009
877   -0.974536
878   -0.978777
879   -0.978759
880   -0.976646
881   -0.976621
882   -0.978244
883   -0.977419
884   -0.978195
885   -0.978623
886   -0.977031
887   -0.978492
888   -0.978551
889   -0.978562
890   -0.977432
891   -0.978716
892   -0.977503
893   -0.977558
894   -0.977712
895   -0.978875
896   -0.977274
897   -0.978338
898   -0.977651
899   -0.97852
900   -0.977117
901   -0.977054
902   -0.97849
903   -0.976546
904   -0.978871
905   -0.978078
906   -0.97859
907   -0.977769
908   -0.977182
909   -0.978731
910   -0.979334
911   -0.979161
912   -0.978343
913   -0.978392
914   -0.978855
915   -0.977838
916   -0.978228
917   -0.97782
918   -0.976957
919   -0.97818
920   -0.979417
921   -0.979324
922   -0.977904
923   -0.977967
924   -0.978006
925   -0.978055
926   -0.978156
927   -0.977859
928   -0.978091
929   -0.977865
930   -0.978593
931   -0.979702
932   -0.978177
933   -0.978287
934   -0.977159
935   -0.97775
936   -0.976718
937   -0.978529
938   -0.977289
939   -0.977965
940   -0.978412
941   -0.978918
942   -0.979212
943   -0.978115
944   -0.977079
945   -0.977749
946   -0.978444
947   -0.977957
948   -0.977972
949   -0.978708
950   -0.979235
951   -0.977309
952   -0.977533
953   -0.978118
954   -0.977886
955   -0.975611
956   -0.976964
957   -0.978301
958   -0.977965
959   -0.97504
960   -0.977608
961   -0.977314
962   -0.977249
963   -0.979744
964   -0.973131
965   -0.978351
966   -0.978793
967   -0.978119
968   -0.977071
969   -0.977573
970   -0.977528
971   -0.978204
972   -0.978512
973   -0.9775
974   -0.978472
975   -0.97795
976   -0.978077
977   -0.978473
978   -0.978117
979   -0.978269
980   -0.977159
981   -0.97777
982   -0.978621
983   -0.976923
984   -0.978746
985   -0.978961
986   -0.97902
987   -0.978281
988   -0.977867
989   -0.977527
990   -0.974837
991   -0.97632
992   -0.977343
993   -0.976935
994   -0.977818
995   -0.977883
996   -0.976996
997   -0.978278
998   -0.977529
999   -0.978223
