0   0.209391
1   0.121837
2   0.0144475
3   -0.0855687
4   -0.170037
5   -0.236343
6   -0.331418
7   -0.372248
8   -0.429916
9   -0.469192
10   -0.515077
11   -0.546456
12   -0.574522
13   -0.596119
14   -0.61408
15   -0.632818
16   -0.644686
17   -0.657638
18   -0.67526
19   -0.683889
20   -0.689011
21   -0.697865
22   -0.710368
23   -0.716677
24   -0.716978
25   -0.723279
26   -0.731266
27   -0.732558
28   -0.737282
29   -0.750209
30   -0.745018
31   -0.74945
32   -0.765677
33   -0.763235
34   -0.763983
35   -0.765411
36   -0.771708
37   -0.768139
38   -0.768808
39   -0.770846
40   -0.77164
41   -0.775317
42   -0.770311
43   -0.778606
44   -0.778598
45   -0.780043
46   -0.776805
47   -0.783029
48   -0.782643
49   -0.78059
50   -0.785847
51   -0.781291
52   -0.785183
53   -0.781805
54   -0.784618
55   -0.78604
56   -0.784658
57   -0.780643
58   -0.787619
59   -0.786819
60   -0.78669
61   -0.786816
62   -0.784958
63   -0.789505
64   -0.788474
65   -0.782659
66   -0.78681
67   -0.786341
68   -0.789986
69   -0.787209
70   -0.785497
71   -0.787691
72   -0.788657
73   -0.787459
74   -0.790647
75   -0.788792
76   -0.791652
77   -0.789232
78   -0.792276
79   -0.7896
80   -0.791335
81   -0.789925
82   -0.786244
83   -0.791922
84   -0.790319
85   -0.788409
86   -0.793405
87   -0.790186
88   -0.789898
89   -0.79036
90   -0.79182
91   -0.792064
92   -0.792706
93   -0.785784
94   -0.790526
95   -0.781931
96   -0.786704
97   -0.788648
98   -0.788685
99   -0.788301
100   -0.790526
101   -0.790248
102   -0.789522
103   -0.787922
104   -0.788749
105   -0.791263
106   -0.790531
107   -0.792806
108   -0.793294
109   -0.791125
110   -0.791647
111   -0.793876
112   -0.792987
113   -0.792565
114   -0.792277
115   -0.794101
116   -0.792425
117   -0.793457
118   -0.792214
119   -0.792649
120   -0.787986
121   -0.787504
122   -0.792746
123   -0.791548
124   -0.791485
125   -0.791194
126   -0.793435
127   -0.791654
128   -0.793129
129   -0.793886
130   -0.785828
131   -0.792443
132   -0.792092
133   -0.792764
134   -0.79022
135   -0.789398
136   -0.791962
137   -0.791364
138   -0.793594
139   -0.793203
140   -0.793941
141   -0.793286
142   -0.791949
143   -0.794932
144   -0.788323
145   -0.792412
146   -0.792655
147   -0.793121
148   -0.792127
149   -0.791912
150   -0.793587
151   -0.793298
152   -0.791814
153   -0.792313
154   -0.792553
155   -0.79364
156   -0.793559
157   -0.79231
158   -0.79461
159   -0.791414
160   -0.795521
161   -0.794305
162   -0.793162
163   -0.793759
164   -0.791795
165   -0.793655
166   -0.792993
167   -0.794821
168   -0.793451
169   -0.793434
170   -0.791988
171   -0.790895
172   -0.793629
173   -0.793702
174   -0.793881
175   -0.794469
176   -0.791251
177   -0.794981
178   -0.794387
179   -0.792881
180   -0.792133
181   -0.790732
182   -0.792353
183   -0.792301
184   -0.793326
185   -0.794186
186   -0.793342
187   -0.794118
188   -0.791577
189   -0.794119
190   -0.795314
191   -0.794582
192   -0.792737
193   -0.794223
194   -0.793263
195   -0.794552
196   -0.795013
197   -0.795266
198   -0.794958
199   -0.795151
200   -0.793671
201   -0.794127
202   -0.793834
203   -0.793779
204   -0.794585
205   -0.794125
206   -0.794627
207   -0.794246
208   -0.793709
209   -0.79429
210   -0.794294
211   -0.794489
212   -0.79243
213   -0.794459
214   -0.792969
215   -0.794491
216   -0.794349
217   -0.794436
218   -0.788541
219   -0.791408
220   -0.793425
221   -0.793336
222   -0.793173
223   -0.790764
224   -0.791016
225   -0.794642
226   -0.793974
227   -0.794982
228   -0.794272
229   -0.792755
230   -0.793844
231   -0.795055
232   -0.794616
233   -0.770576
234   -0.759743
235   -0.772781
236   -0.780234
237   -0.782185
238   -0.785923
239   -0.789571
240   -0.791042
241   -0.791041
242   -0.791758
243   -0.792861
244   -0.791411
245   -0.79198
246   -0.791692
247   -0.793655
248   -0.792745
249   -0.790025
250   -0.792734
251   -0.792295
252   -0.793243
253   -0.793115
254   -0.7949
255   -0.793071
256   -0.792647
257   -0.79376
258   -0.793368
259   -0.794439
260   -0.794519
261   -0.793481
262   -0.793442
263   -0.792238
264   -0.793123
265   -0.793553
266   -0.796101
267   -0.793433
268   -0.793957
269   -0.795465
270   -0.79377
271   -0.793765
272   -0.790733
273   -0.792479
274   -0.793182
275   -0.794282
276   -0.792496
277   -0.78905
278   -0.792892
279   -0.795433
280   -0.794341
281   -0.792237
282   -0.795587
283   -0.793471
284   -0.793367
285   -0.792735
286   -0.794263
287   -0.794605
288   -0.774285
289   -0.785099
290   -0.787065
291   -0.788865
292   -0.790284
293   -0.790998
294   -0.79261
295   -0.793248
296   -0.791977
297   -0.792431
298   -0.792992
299   -0.794927
300   -0.794452
301   -0.794564
302   -0.794498
303   -0.793946
304   -0.793688
305   -0.79402
306   -0.791108
307   -0.787805
308   -0.793265
309   -0.792145
310   -0.791974
311   -0.794241
312   -0.791572
313   -0.792927
314   -0.794185
315   -0.793742
316   -0.792852
317   -0.79374
318   -0.793699
319   -0.792947
320   -0.794266
321   -0.794519
322   -0.793055
323   -0.793316
324   -0.793539
325   -0.794143
326   -0.790319
327   -0.793426
328   -0.793445
329   -0.794342
330   -0.795654
331   -0.793001
332   -0.79407
333   -0.791476
334   -0.793109
335   -0.794471
336   -0.79302
337   -0.793571
338   -0.79423
339   -0.7938
340   -0.794258
341   -0.793745
342   -0.793569
343   -0.794683
344   -0.793952
345   -0.792536
346   -0.794272
347   -0.793875
348   -0.793285
349   -0.794346
350   -0.795466
351   -0.781007
352   -0.778754
353   -0.785931
354   -0.790493
355   -0.792152
356   -0.790883
357   -0.792543
358   -0.79454
359   -0.792262
360   -0.793618
361   -0.792789
362   -0.793857
363   -0.793803
364   -0.793834
365   -0.794929
366   -0.794739
367   -0.794143
368   -0.794497
369   -0.792941
370   -0.794129
371   -0.792608
372   -0.79333
373   -0.793115
374   -0.793165
375   -0.792802
376   -0.793993
377   -0.788892
378   -0.792658
379   -0.793189
380   -0.79297
381   -0.795068
382   -0.791935
383   -0.79078
384   -0.791242
385   -0.795566
386   -0.794738
387   -0.796164
388   -0.793964
389   -0.794204
390   -0.792262
391   -0.794494
392   -0.795061
393   -0.794124
394   -0.789379
395   -0.791757
396   -0.794289
397   -0.794167
398   -0.794028
399   -0.792305
400   -0.794295
401   -0.792694
402   -0.793977
403   -0.79346
404   -0.793985
405   -0.79238
406   -0.79253
407   -0.792282
408   -0.791867
409   -0.792915
410   -0.79464
411   -0.793028
412   -0.794098
413   -0.794246
414   -0.79275
415   -0.792691
416   -0.793579
417   -0.794136
418   -0.790295
419   -0.794723
420   -0.79493
421   -0.794203
422   -0.794095
423   -0.791936
424   -0.795075
425   -0.793871
426   -0.794276
427   -0.79426
428   -0.793236
429   -0.793539
430   -0.798664
431   -0.792685
432   -0.794257
433   -0.793668
434   -0.794223
435   -0.794111
436   -0.794582
437   -0.79393
438   -0.793266
439   -0.794016
440   -0.794562
441   -0.7924
442   -0.790712
443   -0.793259
444   -0.794184
445   -0.793387
446   -0.794692
447   -0.793302
448   -0.793717
449   -0.795217
450   -0.793857
451   -0.792995
452   -0.79338
453   -0.791259
454   -0.793664
455   -0.79449
456   -0.795003
457   -0.794293
458   -0.784673
459   -0.791896
460   -0.793124
461   -0.793065
462   -0.79514
463   -0.793746
464   -0.794902
465   -0.79391
466   -0.794614
467   -0.794319
468   -0.792206
469   -0.791026
470   -0.794529
471   -0.789454
472   -0.793478
473   -0.792246
474   -0.793791
475   -0.794475
476   -0.794606
477   -0.793382
478   -0.791532
479   -0.790694
480   -0.793394
481   -0.793083
482   -0.794076
483   -0.79468
484   -0.791525
485   -0.793004
486   -0.794446
487   -0.795726
488   -0.794155
489   -0.795139
490   -0.790299
491   -0.793071
492   -0.787889
493   -0.793161
494   -0.793714
495   -0.792845
496   -0.794785
497   -0.793471
498   -0.79421
499   -0.794265
500   -0.794078
501   -0.794539
502   -0.795672
503   -0.794235
504   -0.794784
505   -0.793562
506   -0.792583
507   -0.793427
508   -0.794972
509   -0.794067
510   -0.794797
511   -0.794562
512   -0.794554
513   -0.793189
514   -0.791332
515   -0.794638
516   -0.794565
517   -0.79475
518   -0.794701
519   -0.794313
520   -0.795847
521   -0.795044
522   -0.790543
523   -0.794115
524   -0.793707
525   -0.793862
526   -0.787308
527   -0.794248
528   -0.794479
529   -0.794933
530   -0.794323
531   -0.794851
532   -0.794504
533   -0.794107
534   -0.79441
535   -0.794406
536   -0.79342
537   -0.793703
538   -0.793149
539   -0.795302
540   -0.793388
541   -0.793718
542   -0.79553
543   -0.795382
544   -0.794785
545   -0.793772
546   -0.794628
547   -0.794307
548   -0.791148
549   -0.793336
550   -0.793334
551   -0.793667
552   -0.793397
553   -0.794365
554   -0.79561
555   -0.793999
556   -0.792837
557   -0.794375
558   -0.794714
559   -0.794857
560   -0.794994
561   -0.794616
562   -0.793557
563   -0.794892
564   -0.793546
565   -0.794113
566   -0.795212
567   -0.793922
568   -0.793336
569   -0.795332
570   -0.793755
571   -0.79458
572   -0.786769
573   -0.787874
574   -0.791529
575   -0.791086
576   -0.792195
577   -0.792503
578   -0.792101
579   -0.77651
580   -0.77391
581   -0.780697
582   -0.785683
583   -0.788682
584   -0.786894
585   -0.791328
586   -0.788423
587   -0.792558
588   -0.791651
589   -0.793773
590   -0.792089
591   -0.793661
592   -0.793843
593   -0.793984
594   -0.79334
595   -0.793329
596   -0.794113
597   -0.794151
598   -0.793057
599   -0.791812
600   -0.792066
601   -0.792903
602   -0.791113
603   -0.792883
604   -0.788129
605   -0.792715
606   -0.792231
607   -0.794749
608   -0.785936
609   -0.786197
610   -0.790596
611   -0.793975
612   -0.792835
613   -0.792394
614   -0.794106
615   -0.791067
616   -0.793562
617   -0.794229
618   -0.793393
619   -0.795048
620   -0.792596
621   -0.7935
622   -0.794663
623   -0.794215
624   -0.794271
625   -0.794392
626   -0.793348
627   -0.792865
628   -0.792911
629   -0.794154
630   -0.795749
631   -0.794516
632   -0.791191
633   -0.795314
634   -0.795464
635   -0.79368
636   -0.792164
637   -0.793965
638   -0.793216
639   -0.793682
640   -0.795202
641   -0.792495
642   -0.792186
643   -0.795022
644   -0.794463
645   -0.794047
646   -0.79498
647   -0.794583
648   -0.793855
649   -0.792728
650   -0.794209
651   -0.785678
652   -0.786342
653   -0.792938
654   -0.793571
655   -0.793947
656   -0.794141
657   -0.795075
658   -0.79225
659   -0.792619
660   -0.793882
661   -0.782156
662   -0.785874
663   -0.790249
664   -0.790359
665   -0.792086
666   -0.793501
667   -0.793424
668   -0.794501
669   -0.793657
670   -0.790867
671   -0.790039
672   -0.792692
673   -0.792796
674   -0.792877
675   -0.790794
676   -0.794473
677   -0.794915
678   -0.794856
679   -0.79442
680   -0.79455
681   -0.794109
682   -0.793579
683   -0.795264
684   -0.79558
685   -0.794421
686   -0.794093
687   -0.794621
688   -0.794928
689   -0.790621
690   -0.792602
691   -0.795028
692   -0.793865
693   -0.794242
694   -0.794993
695   -0.794429
696   -0.793923
697   -0.794974
698   -0.793226
699   -0.794529
700   -0.794174
701   -0.795486
702   -0.794757
703   -0.793943
704   -0.794308
705   -0.795254
706   -0.793683
707   -0.793288
708   -0.791375
709   -0.793221
710   -0.793248
711   -0.793366
712   -0.794138
713   -0.794301
714   -0.745476
715   -0.198976
716   -0.305288
717   -0.419057
718   -0.518972
719   -0.578654
720   -0.638121
721   -0.675986
722   -0.706137
723   -0.738235
724   -0.744125
725   -0.756711
726   -0.765153
727   -0.772812
728   -0.774268
729   -0.778474
730   -0.783743
731   -0.785158
732   -0.789503
733   -0.787337
734   -0.786241
735   -0.786967
736   -0.788884
737   -0.791382
738   -0.788652
739   -0.789198
740   -0.789965
741   -0.792723
742   -0.7906
743   -0.79256
744   -0.793561
745   -0.794054
746   -0.781102
747   -0.791838
748   -0.793217
749   -0.788354
750   -0.791276
751   -0.791927
752   -0.790294
753   -0.793189
754   -0.791916
755   -0.790665
756   -0.792692
757   -0.792587
758   -0.793098
759   -0.792914
760   -0.792581
761   -0.792098
762   -0.793193
763   -0.794457
764   -0.79394
765   -0.792493
766   -0.793831
767   -0.793401
768   -0.793721
769   -0.79392
770   -0.794884
771   -0.793836
772   -0.794815
773   -0.793836
774   -0.793823
775   -0.793825
776   -0.778557
777   -0.764604
778   -0.771098
779   -0.773147
780   -0.784514
781   -0.778335
782   -0.78514
783   -0.78787
784   -0.791121
785   -0.789731
786   -0.79016
787   -0.789095
788   -0.792887
789   -0.791179
790   -0.792494
791   -0.792716
792   -0.794178
793   -0.793561
794   -0.791835
795   -0.792953
796   -0.793438
797   -0.794175
798   -0.793443
799   -0.795229
800   -0.792233
801   -0.792731
802   -0.794516
803   -0.79329
804   -0.793588
805   -0.793699
806   -0.793086
807   -0.794438
808   -0.794484
809   -0.793968
810   -0.795026
811   -0.79428
812   -0.794383
813   -0.794034
814   -0.795082
815   -0.794892
816   -0.794915
817   -0.793425
818   -0.793713
819   -0.794245
820   -0.794911
821   -0.794207
822   -0.792982
823   -0.794818
824   -0.790863
825   -0.793662
826   -0.793433
827   -0.794605
828   -0.793889
829   -0.794289
830   -0.793221
831   -0.793486
832   -0.794858
833   -0.793757
834   -0.794993
835   -0.793577
836   -0.794909
837   -0.794934
838   -0.795427
839   -0.793597
840   -0.792304
841   -0.793518
842   -0.790607
843   -0.793763
844   -0.795134
845   -0.782851
846   -0.786392
847   -0.78913
848   -0.785702
849   -0.787688
850   -0.790439
851   -0.792024
852   -0.79396
853   -0.794661
854   -0.792752
855   -0.794066
856   -0.79355
857   -0.792062
858   -0.793846
859   -0.794758
860   -0.794749
861   -0.794369
862   -0.794002
863   -0.794782
864   -0.794916
865   -0.793464
866   -0.794644
867   -0.793699
868   -0.789469
869   -0.793115
870   -0.79373
871   -0.789072
872   -0.794176
873   -0.794594
874   -0.793117
875   -0.793111
876   -0.792285
877   -0.793271
878   -0.794528
879   -0.796006
880   -0.793961
881   -0.79313
882   -0.793836
883   -0.79108
884   -0.794961
885   -0.79522
886   -0.790603
887   -0.79464
888   -0.783041
889   -0.79307
890   -0.792528
891   -0.791719
892   -0.792661
893   -0.790661
894   -0.793484
895   -0.793332
896   -0.793716
897   -0.793983
898   -0.793682
899   -0.795279
900   -0.793945
901   -0.792103
902   -0.794943
903   -0.794459
904   -0.793438
905   -0.7943
906   -0.79457
907   -0.794635
908   -0.794335
909   -0.794456
910   -0.794809
911   -0.795826
912   -0.794996
913   -0.795607
914   -0.794705
915   -0.793098
916   -0.794529
917   -0.794101
918   -0.793557
919   -0.794025
920   -0.793936
921   -0.794654
922   -0.79511
923   -0.79465
924   -0.794035
925   -0.7948
926   -0.795965
927   -0.794373
928   -0.793487
929   -0.792
930   -0.794066
931   -0.794587
932   -0.795902
933   -0.793921
934   -0.79363
935   -0.793727
936   -0.793961
937   -0.793628
938   -0.795041
939   -0.79464
940   -0.794354
941   -0.794921
942   -0.795194
943   -0.793932
944   -0.793076
945   -0.792949
946   -0.795018
947   -0.793988
948   -0.792448
949   -0.794979
950   -0.794209
951   -0.795023
952   -0.79423
953   -0.793438
954   -0.793966
955   -0.794857
956   -0.794178
957   -0.794666
958   -0.792925
959   -0.79337
960   -0.793634
961   -0.790239
962   -0.794275
963   -0.794087
964   -0.791639
965   -0.793579
966   -0.786524
967   -0.792717
968   -0.793024
969   -0.792726
970   -0.791144
971   -0.791503
972   -0.792358
973   -0.79373
974   -0.794276
975   -0.794379
976   -0.795149
977   -0.794713
978   -0.795015
979   -0.794024
980   -0.795044
981   -0.7912
982   -0.790329
983   -0.793264
984   -0.792829
985   -0.794133
986   -0.793324
987   -0.794308
988   -0.794202
989   -0.793821
990   -0.793431
991   -0.794687
992   -0.794439
993   -0.794289
994   -0.794484
995   -0.793647
996   -0.794427
997   -0.791332
998   -0.792136
999   -0.792561
