
0   0.479307
1   0.341802
2   0.240067
3   0.123451
4   0.01925
5   -0.0835723
6   -0.153343
7   -0.201393
8   -0.248587
9   -0.306398
10   -0.334704
11   -0.35708
12   -0.386675
13   -0.403752
14   -0.427214
15   -0.452123
16   -0.47222
17   -0.474708
18   -0.492342
19   -0.512594
20   -0.514832
21   -0.534287
22   -0.541207
23   -0.550942
24   -0.555889
25   -0.561509
26   -0.571324
27   -0.583221
28   -0.588572
29   -0.588538
30   -0.594875
31   -0.5955
32   -0.605238
33   -0.604955
34   -0.604983
35   -0.612666
36   -0.617671
37   -0.61561
38   -0.620601
39   -0.622187
40   -0.625495
41   -0.626179
42   -0.622718
43   -0.62755
44   -0.624133
45   -0.628002
46   -0.631136
47   -0.632762
48   -0.635363
49   -0.636002
50   -0.63974
51   -0.633639
52   -0.637115
53   -0.636292
54   -0.640103
55   -0.638579
56   -0.640564
57   -0.642202
58   -0.638924
59   -0.643064
60   -0.640506
61   -0.644196
62   -0.645175
63   -0.642716
64   -0.635146
65   -0.637671
66   -0.640867
67   -0.643841
68   -0.638854
69   -0.642478
70   -0.642875
71   -0.643629
72   -0.638976
73   -0.64484
74   -0.645835
75   -0.643915
76   -0.645998
77   -0.642416
78   -0.645344
79   -0.648723
80   -0.648096
81   -0.646912
82   -0.645264
83   -0.646065
84   -0.648721
85   -0.650732
86   -0.64664
87   -0.645049
88   -0.644557
89   -0.646908
90   -0.64755
91   -0.646366
92   -0.647222
93   -0.642681
94   -0.646133
95   -0.647338
96   -0.647908
97   -0.643666
98   -0.65032
99   -0.646395
100   -0.643702
101   -0.647907
102   -0.647458
103   -0.646503
104   -0.644696
105   -0.648917
106   -0.648075
107   -0.646434
108   -0.648792
109   -0.649553
110   -0.645171
111   -0.648287
112   -0.646447
113   -0.647049
114   -0.647684
115   -0.64654
116   -0.648585
117   -0.648755
118   -0.649047
119   -0.648986
120   -0.651231
121   -0.648183
122   -0.64947
123   -0.649672
124   -0.648119
125   -0.648049
126   -0.64907
127   -0.648752
128   -0.64629
129   -0.649377
130   -0.650278
131   -0.647854
132   -0.648543
133   -0.649352
134   -0.651445
135   -0.646562
136   -0.64721
137   -0.649358
138   -0.649311
139   -0.648464
140   -0.648323
141   -0.65052
142   -0.647342
143   -0.649786
144   -0.648922
145   -0.650307
146   -0.647014
147   -0.648107
148   -0.649568
149   -0.649527
150   -0.649087
151   -0.648905
152   -0.647692
153   -0.650663
154   -0.651175
155   -0.647587
156   -0.650278
157   -0.649797
158   -0.650001
159   -0.647407
160   -0.648533
161   -0.649951
162   -0.650525
163   -0.649556
164   -0.650924
165   -0.649173
166   -0.650955
167   -0.649819
168   -0.650755
169   -0.650373
170   -0.651683
171   -0.646557
172   -0.648918
173   -0.649011
174   -0.62547
175   -0.552426
176   -0.581987
177   -0.612411
178   -0.625057
179   -0.629768
180   -0.636161
181   -0.637288
182   -0.64361
183   -0.646546
184   -0.646998
185   -0.64792
186   -0.648564
187   -0.647595
188   -0.646177
189   -0.6493
190   -0.642272
191   -0.646513
192   -0.648398
193   -0.64725
194   -0.64634
195   -0.648264
196   -0.64924
197   -0.650722
198   -0.651073
199   -0.623764
200   -0.0126964
201   -0.350552
202   -0.471457
203   -0.553805
204   -0.58981
205   -0.60475
206   -0.613076
207   -0.628631
208   -0.631643
209   -0.639945
210   -0.639624
211   -0.6433
212   -0.643806
213   -0.644559
214   -0.646415
215   -0.647555
216   -0.647554
217   -0.646859
218   -0.642678
219   -0.644822
220   -0.647431
221   -0.647009
222   -0.650566
223   -0.648884
224   -0.649388
225   -0.648445
226   -0.647343
227   -0.6481
228   -0.649921
229   -0.649985
230   -0.648629
231   -0.651588
232   -0.649603
233   -0.649848
234   -0.649042
235   -0.650572
236   -0.648653
237   -0.651612
238   -0.649783
239   -0.649002
240   -0.649747
241   -0.651082
242   -0.649677
243   -0.651245
244   -0.650588
245   -0.649397
246   -0.647971
247   -0.64949
248   -0.64928
249   -0.650342
250   -0.650087
251   -0.651083
252   -0.649563
253   -0.649548
254   -0.649277
255   -0.650082
256   -0.650704
257   -0.651358
258   -0.651411
259   -0.650142
260   -0.651003
261   -0.651613
262   -0.648577
263   -0.647023
264   -0.652049
265   -0.64992
266   -0.652442
267   -0.651167
268   -0.647926
269   -0.651094
270   -0.650114
271   -0.649561
272   -0.652224
273   -0.650006
274   -0.650288
275   -0.650287
276   -0.652093
277   -0.650434
278   -0.649035
279   -0.651375
280   -0.650133
281   -0.65073
282   -0.650475
283   -0.651343
284   -0.649638
285   -0.651254
286   -0.651972
287   -0.64945
288   -0.650736
289   -0.650535
290   -0.650242
291   -0.651586
292   -0.650512
293   -0.650816
294   -0.650331
295   -0.650552
296   -0.650343
297   -0.64766
298   -0.64944
299   -0.651378
300   -0.650136
301   -0.651157
302   -0.650645
303   -0.650818
304   -0.650357
305   -0.65043
306   -0.650204
307   -0.650526
308   -0.65113
309   -0.651058
310   -0.64925
311   -0.650453
312   -0.649822
313   -0.649984
314   -0.651256
315   -0.647029
316   -0.649707
317   -0.649167
318   -0.651487
319   -0.650741
320   -0.650873
321   -0.651321
322   -0.644084
323   -0.648715
324   -0.650697
325   -0.648969
326   -0.65077
327   -0.650997
328   -0.650812
329   -0.650375
330   -0.6513
331   -0.651569
332   -0.650166
333   -0.651794
334   -0.650304
335   -0.651083
336   -0.651913
337   -0.649964
338   -0.650066
339   -0.650192
340   -0.649757
341   -0.650278
342   -0.650792
343   -0.649838
344   -0.650831
345   -0.650424
346   -0.651121
347   -0.649375
348   -0.649058
349   -0.650337
350   -0.652232
351   -0.653133
352   -0.652788
353   -0.650993
354   -0.64806
355   -0.652923
356   -0.650906
357   -0.650732
358   -0.651368
359   -0.649437
360   -0.650014
361   -0.651974
362   -0.651612
363   -0.652093
364   -0.650586
365   -0.650681
366   -0.651394
367   -0.650514
368   -0.650208
369   -0.65017
370   -0.648666
371   -0.651341
372   -0.649789
373   -0.650435
374   -0.650592
375   -0.650098
376   -0.65125
377   -0.65132
378   -0.65165
379   -0.652278
380   -0.651379
381   -0.650315
382   -0.649509
383   -0.648803
384   -0.650919
385   -0.649902
386   -0.65213
387   -0.650981
388   -0.650863
389   -0.651774
390   -0.6513
391   -0.651408
392   -0.652241
393   -0.650855
394   -0.651346
395   -0.650664
396   -0.644778
397   -0.650172
398   -0.649411
399   -0.650957
400   -0.651267
401   -0.651096
402   -0.650789
403   -0.650921
404   -0.65081
405   -0.650577
406   -0.650789
407   -0.650202
408   -0.650202
409   -0.650108
410   -0.650309
411   -0.651529
412   -0.64598
413   -0.650449
414   -0.64923
415   -0.651192
416   -0.647491
417   -0.650574
418   -0.649357
419   -0.651416
420   -0.653074
421   -0.650501
422   -0.650489
423   -0.650611
424   -0.650761
425   -0.651731
426   -0.65147
427   -0.65184
428   -0.65191
429   -0.650784
430   -0.651469
431   -0.650445
432   -0.650544
433   -0.652118
434   -0.650333
435   -0.651156
436   -0.651797
437   -0.650856
438   -0.652284
439   -0.651576
440   -0.650512
441   -0.651083
442   -0.650162
443   -0.653251
444   -0.650772
445   -0.652614
446   -0.65206
447   -0.651159
448   -0.650436
449   -0.650579
450   -0.651099
451   -0.650862
452   -0.6514
453   -0.65273
454   -0.650618
455   -0.650812
456   -0.637572
457   -0.642184
458   -0.646776
459   -0.646377
460   -0.64843
461   -0.649509
462   -0.648396
463   -0.650565
464   -0.6502
465   -0.649434
466   -0.649578
467   -0.64992
468   -0.650642
469   -0.649414
470   -0.651293
471   -0.65104
472   -0.650563
473   -0.647238
474   -0.651117
475   -0.6515
476   -0.649739
477   -0.65094
478   -0.652406
479   -0.651341
480   -0.651103
481   -0.651276
482   -0.647525
483   -0.65112
484   -0.650433
485   -0.650235
486   -0.650323
487   -0.651015
488   -0.650616
489   -0.650604
490   -0.651153
491   -0.651205
492   -0.650531
493   -0.651318
494   -0.64977
495   -0.649922
496   -0.651028
497   -0.650005
498   -0.651578
499   -0.651317
500   -0.650862
501   -0.650215
502   -0.649862
503   -0.651252
504   -0.650951
505   -0.651075
506   -0.651671
507   -0.651001
508   -0.651461
509   -0.651289
510   -0.650633
511   -0.650633
512   -0.650882
513   -0.648665
514   -0.649303
515   -0.6506
516   -0.650583
517   -0.651481
518   -0.648134
519   -0.649781
520   -0.649968
521   -0.650843
522   -0.650056
523   -0.651149
524   -0.65124
525   -0.652637
526   -0.652362
527   -0.65116
528   -0.650353
529   -0.650737
530   -0.650455
531   -0.651001
532   -0.651746
533   -0.651115
534   -0.65171
535   -0.651721
536   -0.650334
537   -0.649025
538   -0.651037
539   -0.650836
540   -0.651109
541   -0.651547
542   -0.650933
543   -0.650611
544   -0.651341
545   -0.651202
546   -0.652753
547   -0.652104
548   -0.651849
549   -0.651939
550   -0.648126
551   -0.650357
552   -0.650939
553   -0.651094
554   -0.652139
555   -0.651315
556   -0.651672
557   -0.65059
558   -0.650587
559   -0.651333
560   -0.650719
561   -0.65089
562   -0.651832
563   -0.650584
564   -0.651581
565   -0.651802
566   -0.651124
567   -0.65118
568   -0.65191
569   -0.650926
570   -0.648448
571   -0.651408
572   -0.644632
573   -0.651294
574   -0.650436
575   -0.651998
576   -0.650231
577   -0.649488
578   -0.64944
579   -0.649812
580   -0.651117
581   -0.651693
582   -0.652759
583   -0.650756
584   -0.65077
585   -0.648557
586   -0.650986
587   -0.650768
588   -0.651911
589   -0.65238
590   -0.651874
591   -0.651726
592   -0.651484
593   -0.651899
594   -0.650886
595   -0.6503
596   -0.650586
597   -0.651013
598   -0.651509
599   -0.650555
600   -0.652138
601   -0.651039
602   -0.651069
603   -0.652431
604   -0.650695
605   -0.651639
606   -0.64987
607   -0.651
608   -0.651458
609   -0.651184
610   -0.651254
611   -0.650684
612   -0.650615
613   -0.65143
614   -0.651444
615   -0.649441
616   -0.650137
617   -0.65182
618   -0.649355
619   -0.652057
620   -0.650984
621   -0.650028
622   -0.650908
623   -0.651398
624   -0.651098
625   -0.650702
626   -0.650286
627   -0.650116
628   -0.651909
629   -0.651698
630   -0.6523
631   -0.650948
632   -0.651282
633   -0.651156
634   -0.652305
635   -0.64265
636   -0.648381
637   -0.649884
638   -0.650179
639   -0.650651
640   -0.649773
641   -0.652525
642   -0.650336
643   -0.651456
644   -0.650245
645   -0.650671
646   -0.647377
647   -0.649157
648   -0.650592
649   -0.650989
650   -0.648744
651   -0.650196
652   -0.649826
653   -0.650127
654   -0.65178
655   -0.651362
656   -0.650623
657   -0.651116
658   -0.651439
659   -0.649614
660   -0.651006
661   -0.648792
662   -0.6498
663   -0.650767
664   -0.650542
665   -0.649795
666   -0.651359
667   -0.651396
668   -0.653404
669   -0.65177
670   -0.650393
671   -0.651023
672   -0.650215
673   -0.644427
674   -0.647504
675   -0.647948
676   -0.650778
677   -0.650314
678   -0.650105
679   -0.649757
680   -0.650127
681   -0.651172
682   -0.651269
683   -0.647591
684   -0.651489
685   -0.65069
686   -0.649611
687   -0.650608
688   -0.650557
689   -0.652314
690   -0.651243
691   -0.651736
692   -0.649955
693   -0.651335
694   -0.6498
695   -0.651526
696   -0.650206
697   -0.651275
698   -0.65152
699   -0.651846
700   -0.650603
701   -0.652189
702   -0.651792
703   -0.651203
704   -0.650674
705   -0.652468
706   -0.651449
707   -0.651969
708   -0.652097
709   -0.652658
710   -0.651183
711   -0.652001
712   -0.651074
713   -0.650807
714   -0.64967
715   -0.651106
716   -0.652205
717   -0.651751
718   -0.65055
719   -0.651602
720   -0.651915
721   -0.651537
722   -0.650941
723   -0.651636
724   -0.652031
725   -0.650777
726   -0.652076
727   -0.652105
728   -0.649134
729   -0.651807
730   -0.650823
731   -0.651753
732   -0.651562
733   -0.651067
734   -0.647867
735   -0.649548
736   -0.649817
737   -0.65112
738   -0.650161
739   -0.651751
740   -0.651173
741   -0.650819
742   -0.650211
743   -0.65264
744   -0.650426
745   -0.651094
746   -0.650378
747   -0.651839
748   -0.651405
749   -0.646766
750   -0.649617
751   -0.641169
752   -0.648292
753   -0.648175
754   -0.647165
755   -0.651809
756   -0.651972
757   -0.650663
758   -0.650759
759   -0.633049
760   -0.645612
761   -0.648313
762   -0.647146
763   -0.649961
764   -0.648914
765   -0.650775
766   -0.650477
767   -0.650979
768   -0.651444
769   -0.650602
770   -0.65103
771   -0.650603
772   -0.65104
773   -0.651165
774   -0.648609
775   -0.650602
776   -0.649987
777   -0.650658
778   -0.650664
779   -0.651162
780   -0.65106
781   -0.651952
782   -0.650665
783   -0.648794
784   -0.65108
785   -0.65034
786   -0.64764
787   -0.650347
788   -0.652062
789   -0.650908
790   -0.65165
791   -0.650584
792   -0.650793
793   -0.651586
794   -0.652586
795   -0.651733
796   -0.6509
797   -0.650698
798   -0.650886
799   -0.651816
800   -0.65233
801   -0.65071
802   -0.641683
803   -0.646078
804   -0.648597
805   -0.650578
806   -0.650587
807   -0.650457
808   -0.652089
809   -0.65185
810   -0.650105
811   -0.650831
812   -0.650265
813   -0.650051
814   -0.650653
815   -0.649662
816   -0.651858
817   -0.650884
818   -0.650484
819   -0.65123
820   -0.651012
821   -0.651192
822   -0.652316
823   -0.65124
824   -0.650982
825   -0.651483
826   -0.651184
827   -0.651009
828   -0.650038
829   -0.650126
830   -0.650406
831   -0.650647
832   -0.649501
833   -0.649798
834   -0.651508
835   -0.652818
836   -0.649983
837   -0.6519
838   -0.65065
839   -0.65051
840   -0.65072
841   -0.652664
842   -0.651351
843   -0.650371
844   -0.65123
845   -0.652373
846   -0.649406
847   -0.651065
848   -0.650995
849   -0.651118
850   -0.651555
851   -0.652646
852   -0.651169
853   -0.651632
854   -0.65083
855   -0.651923
856   -0.651188
857   -0.652426
858   -0.649485
859   -0.651508
860   -0.650961
861   -0.65014
862   -0.651127
863   -0.651341
864   -0.649849
865   -0.643868
866   -0.649972
867   -0.650029
868   -0.650402
869   -0.650675
870   -0.651622
871   -0.65138
872   -0.651422
873   -0.64244
874   -0.644369
875   -0.649302
876   -0.648605
877   -0.651313
878   -0.651741
879   -0.648114
880   -0.649793
881   -0.65126
882   -0.652277
883   -0.651046
884   -0.651531
885   -0.651747
886   -0.650456
887   -0.65134
888   -0.650941
889   -0.650911
890   -0.651082
891   -0.651519
892   -0.651473
893   -0.652657
894   -0.650581
895   -0.650593
896   -0.650825
897   -0.651381
898   -0.650884
899   -0.652344
900   -0.651775
901   -0.651161
902   -0.650833
903   -0.65291
904   -0.651668
905   -0.652125
906   -0.650693
907   -0.651961
908   -0.651355
909   -0.653196
910   -0.651327
911   -0.650651
912   -0.652597
913   -0.651728
914   -0.651
915   -0.651136
916   -0.650541
917   -0.649749
918   -0.650539
919   -0.645327
920   -0.649443
921   -0.650458
922   -0.649932
923   -0.650613
924   -0.641871
925   -0.645939
926   -0.64781
927   -0.648106
928   -0.649827
929   -0.650322
930   -0.650123
931   -0.650142
932   -0.651545
933   -0.650528
934   -0.651281
935   -0.651008
936   -0.651753
937   -0.651462
938   -0.652224
939   -0.651966
940   -0.651
941   -0.651293
942   -0.651112
943   -0.650465
944   -0.651464
945   -0.651041
946   -0.650961
947   -0.650522
948   -0.651223
949   -0.651062
950   -0.651681
951   -0.651081
952   -0.650332
953   -0.651656
954   -0.651488
955   -0.651711
956   -0.651824
957   -0.65218
958   -0.649558
959   -0.650695
960   -0.652253
961   -0.651087
962   -0.651247
963   -0.643944
964   -0.649982
965   -0.648914
966   -0.649666
967   -0.65146
968   -0.650658
969   -0.651052
970   -0.650818
971   -0.651453
972   -0.650047
973   -0.652045
974   -0.651266
975   -0.650916
976   -0.639622
977   -0.637896
978   -0.644877
979   -0.647126
980   -0.650795
981   -0.649685
982   -0.649734
983   -0.650561
984   -0.648873
985   -0.649857
986   -0.651065
987   -0.650855
988   -0.650865
989   -0.652177
990   -0.650899
991   -0.650664
992   -0.651268
993   -0.651808
994   -0.651072
995   -0.65126
996   -0.650428
997   -0.651253
998   -0.65185
999   -0.650865
