0   0.749224
1   0.578141
2   0.414647
3   0.305918
4   0.186347
5   0.0851245
6   -0.00225423
7   -0.055544
8   -0.106023
9   -0.168913
10   -0.201035
11   -0.233989
12   -0.265942
13   -0.28621
14   -0.300431
15   -0.339046
16   -0.351046
17   -0.358623
18   -0.379269
19   -0.394413
20   -0.408216
21   -0.416576
22   -0.423947
23   -0.432521
24   -0.442288
25   -0.44562
26   -0.456444
27   -0.463092
28   -0.472833
29   -0.473812
30   -0.479528
31   -0.486346
32   -0.48801
33   -0.491733
34   -0.489332
35   -0.501733
36   -0.496921
37   -0.49948
38   -0.504422
39   -0.50122
40   -0.508016
41   -0.509213
42   -0.509461
43   -0.512337
44   -0.513086
45   -0.514009
46   -0.516186
47   -0.514407
48   -0.521551
49   -0.516753
50   -0.521431
51   -0.522622
52   -0.519488
53   -0.524806
54   -0.525081
55   -0.521644
56   -0.519727
57   -0.520201
58   -0.524586
59   -0.52501
60   -0.522038
61   -0.524712
62   -0.52888
63   -0.533654
64   -0.529112
65   -0.521433
66   -0.530592
67   -0.531576
68   -0.525647
69   -0.53197
70   -0.528187
71   -0.529586
72   -0.531562
73   -0.533783
74   -0.531956
75   -0.531313
76   -0.530874
77   -0.532383
78   -0.530638
79   -0.535276
80   -0.534692
81   -0.534395
82   -0.533374
83   -0.537304
84   -0.537005
85   -0.531488
86   -0.535632
87   -0.536281
88   -0.534015
89   -0.535337
90   -0.538525
91   -0.536655
92   -0.537088
93   -0.53462
94   -0.53541
95   -0.535946
96   -0.53452
97   -0.537688
98   -0.539266
99   -0.537985
100   -0.538499
101   -0.536261
102   -0.53955
103   -0.534924
104   -0.536979
105   -0.538565
106   -0.538795
107   -0.538047
108   -0.539933
109   -0.537493
110   -0.536453
111   -0.535805
112   -0.534129
113   -0.532384
114   -0.53598
115   -0.53672
116   -0.535373
117   -0.538116
118   -0.539156
119   -0.53842
120   -0.538286
121   -0.538336
122   -0.54003
123   -0.538491
124   -0.53883
125   -0.540375
126   -0.540676
127   -0.538183
128   -0.541933
129   -0.539199
130   -0.538577
131   -0.538442
132   -0.537986
133   -0.541848
134   -0.539566
135   -0.540022
136   -0.539507
137   -0.541522
138   -0.540167
139   -0.54029
140   -0.538663
141   -0.542776
142   -0.540012
143   -0.539606
144   -0.542881
145   -0.537864
146   -0.539692
147   -0.540302
148   -0.537531
149   -0.538063
150   -0.539102
151   -0.540694
152   -0.538334
153   -0.540542
154   -0.539104
155   -0.540672
156   -0.540544
157   -0.541025
158   -0.539928
159   -0.542646
160   -0.540665
161   -0.539229
162   -0.540579
163   -0.541284
164   -0.538552
165   -0.540563
166   -0.541275
167   -0.541523
168   -0.541351
169   -0.542444
170   -0.540615
171   -0.539973
172   -0.542319
173   -0.541277
174   -0.54209
175   -0.541348
176   -0.542569
177   -0.541359
178   -0.542799
179   -0.540794
180   -0.541538
181   -0.539834
182   -0.541496
183   -0.540778
184   -0.540356
185   -0.541497
186   -0.539827
187   -0.542003
188   -0.543612
189   -0.542984
190   -0.542054
191   -0.543126
192   -0.541808
193   -0.539109
194   -0.541393
195   -0.540396
196   -0.541922
197   -0.539727
198   -0.54182
199   -0.542827
200   -0.543469
201   -0.541588
202   -0.541144
203   -0.534347
204   -0.537684
205   -0.500872
206   1.63633
207   1.56872
208   1.48641
209   1.4424
210   1.35658
211   1.25827
212   1.1575
213   1.07578
214   0.987868
215   0.938623
216   0.88033
217   0.797778
218   0.761495
219   0.728929
220   0.627747
221   0.584727
222   0.514028
223   0.471091
224   0.433408
225   0.418151
226   0.340079
227   0.366044
228   0.353647
229   0.341141
230   0.323732
231   0.324252
232   0.311568
233   0.302735
234   0.300236
235   0.288906
236   0.278263
237   0.275973
238   0.26944
239   0.251532
240   0.234478
241   0.200345
242   0.17576
243   0.172615
244   0.0910767
245   0.0881051
246   0.0113872
247   -0.0635934
248   -0.0872857
249   -0.140833
250   -0.183271
251   -0.267108
252   -0.279627
253   -0.313355
254   -0.33334
255   -0.346299
256   -0.38558
257   -0.390058
258   -0.409172
259   -0.437529
260   -0.446569
261   -0.444469
262   -0.46944
263   -0.476936
264   -0.489113
265   -0.490654
266   -0.492769
267   -0.492756
268   -0.499239
269   -0.506151
270   -0.509688
271   -0.51565
272   -0.522401
273   -0.51707
274   -0.52432
275   -0.518531
276   -0.525272
277   -0.527162
278   -0.523579
279   -0.52674
280   -0.523374
281   -0.531407
282   -0.528203
283   -0.533284
284   -0.530388
285   -0.528987
286   -0.529934
287   -0.536429
288   -0.5376
289   -0.536005
290   -0.535845
291   -0.534955
292   -0.534049
293   -0.53593
294   -0.536046
295   -0.536703
296   -0.533007
297   -0.524007
298   -0.529857
299   -0.53318
300   -0.531915
301   -0.533881
302   -0.53706
303   -0.537452
304   -0.536774
305   -0.537437
306   -0.536936
307   -0.540588
308   -0.538213
309   -0.541123
310   -0.537866
311   -0.537377
312   -0.540474
313   -0.539229
314   -0.540262
315   -0.539369
316   -0.540698
317   -0.541002
318   -0.541201
319   -0.539545
320   -0.540079
321   -0.541825
322   -0.541256
323   -0.540316
324   -0.541358
325   -0.538007
326   -0.539711
327   -0.541487
328   -0.539939
329   -0.542459
330   -0.540521
331   -0.541302
332   -0.541778
333   -0.540202
334   -0.540435
335   -0.541921
336   -0.541409
337   -0.542732
338   -0.543345
339   -0.540044
340   -0.540652
341   -0.540856
342   -0.541313
343   -0.540489
344   -0.539583
345   -0.542588
346   -0.539065
347   -0.540838
348   -0.542722
349   -0.540579
350   -0.541767
351   -0.541404
352   -0.541713
353   -0.541705
354   -0.542908
355   -0.543795
356   -0.542696
357   -0.542833
358   -0.543183
359   -0.542521
360   -0.543687
361   -0.540167
362   -0.542287
363   -0.542265
364   -0.543131
365   -0.5414
366   -0.54125
367   -0.542652
368   -0.541868
369   -0.540747
370   -0.542542
371   -0.540905
372   -0.541706
373   -0.542323
374   -0.54262
375   -0.541065
376   -0.540964
377   -0.543518
378   -0.541765
379   -0.543302
380   -0.542819
381   -0.542637
382   -0.543291
383   -0.543103
384   -0.542287
385   -0.542678
386   -0.541182
387   -0.541548
388   -0.542747
389   -0.539959
390   -0.541486
391   -0.54332
392   -0.541524
393   -0.540803
394   -0.542515
395   -0.541003
396   -0.541818
397   -0.541507
398   -0.541234
399   -0.542428
400   -0.542288
401   -0.542146
402   -0.542147
403   -0.542381
404   -0.54239
405   -0.543002
406   -0.541362
407   -0.542508
408   -0.542813
409   -0.542546
410   -0.542746
411   -0.541431
412   1.79054
413   -0.538106
414   -0.53954
415   -0.536162
416   -0.540461
417   1.21673
418   -0.538331
419   -0.53923
420   -0.542514
421   -0.540515
422   -0.541574
423   -0.542437
424   -0.540339
425   -0.54052
426   -0.542496
427   -0.540886
428   -0.541737
429   -0.542584
430   -0.542014
431   -0.541739
432   -0.541615
433   -0.541348
434   -0.543534
435   -0.541712
436   -0.541488
437   -0.541847
438   -0.541232
439   -0.541604
440   -0.542314
441   -0.540556
442   -0.541371
443   -0.541902
444   -0.540901
445   -0.541774
446   -0.541964
447   -0.541795
448   -0.543275
449   -0.541482
450   -0.542758
451   0.488149
452   -0.542879
453   -0.542313
454   -0.542577
455   -0.542476
456   -0.543466
457   -0.542644
458   -0.541708
459   -0.544136
460   -0.543978
461   -0.542939
462   -0.542733
463   -0.543862
464   -0.543016
465   -0.542406
466   -0.542674
467   -0.543218
468   -0.54328
469   -0.54153
470   -0.542787
471   -0.542698
472   -0.541671
473   -0.541133
474   -0.54361
475   -0.542129
476   -0.542441
477   -0.542855
478   -0.541497
479   -0.541711
480   -0.542838
481   -0.542042
482   -0.542677
483   -0.542457
484   -0.542159
485   -0.542541
486   -0.543966
487   -0.544207
488   -0.542536
489   -0.541769
490   -0.542406
491   -0.542505
492   -0.54275
493   -0.542082
494   -0.542868
495   -0.542431
496   -0.542147
497   1.32522
498   -0.54024
499   -0.540501
500   -0.542009
501   -0.543445
502   -0.543308
503   -0.542661
504   -0.542446
505   -0.542907
506   -0.54143
507   -0.543136
508   -0.542588
509   -0.542311
510   -0.542264
511   -0.543836
512   -0.542647
513   1.11298
514   -0.542437
515   -0.542782
516   -0.541649
517   -0.541838
518   1.50785
519   -0.532141
520   -0.535336
521   -0.538828
522   -0.54118
523   -0.540161
524   -0.541842
525   -0.541653
526   -0.54258
527   -0.541879
528   -0.541893
529   -0.542937
530   -0.54231
531   -0.543164
532   -0.542343
533   -0.54283
534   -0.543616
535   -0.543174
536   -0.540781
537   -0.543135
538   -0.541139
539   -0.542393
540   -0.542534
541   -0.542744
542   -0.54257
543   -0.541757
544   -0.542252
545   -0.5421
546   -0.542217
547   -0.542379
548   -0.541819
549   -0.541795
550   -0.542453
551   -0.542241
552   -0.541669
553   -0.541339
554   -0.543637
555   -0.540735
556   -0.54227
557   -0.542052
558   -0.541665
559   -0.542793
560   -0.542216
561   -0.542837
562   -0.542238
563   -0.541678
564   -0.541545
565   -0.543123
566   -0.542747
567   -0.54271
568   -0.542849
569   -0.544127
570   -0.542268
571   -0.542077
572   -0.541814
573   -0.543929
574   -0.542315
575   -0.543187
576   -0.542225
577   -0.541768
578   -0.541992
579   -0.541698
580   -0.542403
581   -0.542519
582   -0.542769
583   -0.542263
584   -0.542742
585   -0.543054
586   -0.541842
587   -0.544384
588   -0.5428
589   -0.542046
590   -0.542695
591   -0.542588
592   -0.54291
593   -0.541459
594   -0.543569
595   -0.542746
596   -0.54246
597   -0.543258
598   -0.542932
599   -0.542837
600   -0.541571
601   -0.542774
602   -0.543623
603   -0.542602
604   -0.542967
605   -0.542396
606   -0.543377
607   -0.54261
608   -0.542143
609   -0.542907
610   -0.542561
611   -0.542368
612   -0.542003
613   -0.543737
614   -0.542387
615   -0.543596
616   -0.541604
617   -0.54114
618   -0.542247
619   -0.542743
620   -0.540923
621   -0.541955
622   -0.542305
623   -0.542818
624   -0.542015
625   -0.542571
626   -0.54321
627   -0.542509
628   -0.542652
629   -0.544504
630   -0.542769
631   -0.542647
632   -0.544493
633   -0.541369
634   -0.542704
635   -0.543268
636   -0.542696
637   -0.542358
638   -0.542431
639   -0.543052
640   -0.542203
641   -0.541251
642   -0.542689
643   -0.543073
644   -0.542609
645   -0.541712
646   -0.542421
647   -0.540806
648   -0.542475
649   -0.542956
650   -0.542182
651   1.10015
652   -0.541633
653   -0.54286
654   -0.540949
655   -0.542116
656   -0.543242
657   -0.54223
658   -0.54343
659   -0.543121
660   -0.540112
661   -0.543523
662   -0.541747
663   -0.543463
664   -0.542448
665   -0.542057
666   -0.542784
667   -0.542088
668   -0.542107
669   -0.54246
670   -0.543589
671   -0.542189
672   -0.542285
673   -0.542951
674   -0.541666
675   -0.541305
676   -0.542497
677   1.60006
678   -0.539752
679   -0.542552
680   -0.539438
681   -0.541262
682   -0.541757
683   1.54378
684   -0.529861
685   -0.531135
686   -0.536255
687   -0.539501
688   -0.541015
689   -0.541349
690   -0.490684
691   -0.539627
692   -0.542113
693   -0.540256
694   -0.542785
695   -0.54104
696   -0.541513
697   -0.541737
698   -0.542159
699   -0.541775
700   -0.542883
701   -0.540989
702   -0.5426
703   -0.543111
704   -0.541879
705   -0.540858
706   -0.541453
707   -0.542677
708   -0.543316
709   -0.542248
710   -0.542601
711   -0.541655
712   -0.543539
713   -0.542449
714   -0.542489
715   -0.541172
716   -0.542224
717   -0.543663
718   -0.542857
719   -0.542743
720   -0.542445
721   -0.543047
722   -0.542428
723   -0.541349
724   -0.54191
725   -0.542704
726   -0.541789
727   -0.542097
728   -0.542417
729   -0.542761
730   -0.542573
731   -0.542404
732   -0.543103
733   -0.542259
734   -0.542703
735   -0.542407
736   -0.54351
737   -0.542961
738   -0.542741
739   -0.541845
740   -0.542974
741   -0.542666
742   -0.543921
743   -0.541959
744   -0.542507
745   -0.542215
746   -0.543107
747   -0.543002
748   -0.542212
749   -0.544128
750   -0.542499
751   -0.544109
752   -0.542643
753   -0.542953
754   -0.542165
755   -0.542649
756   -0.542816
757   -0.542044
758   -0.54314
759   -0.541861
760   -0.542313
761   -0.54189
762   -0.54295
763   -0.542226
764   -0.542167
765   -0.541724
766   -0.543296
767   -0.543087
768   -0.54175
769   1.48673
770   -0.342673
771   -0.37788
772   -0.41059
773   -0.463598
774   -0.464634
775   -0.493702
776   -0.502059
777   -0.508246
778   -0.514493
779   -0.516072
780   -0.522714
781   -0.518796
782   -0.527763
783   -0.52466
784   -0.528221
785   -0.528412
786   -0.530653
787   -0.533617
788   -0.535144
789   -0.534748
790   -0.533564
791   -0.53251
792   -0.533989
793   -0.534957
794   -0.537561
795   -0.533864
796   -0.535522
797   -0.537276
798   -0.536533
799   -0.537725
800   -0.536796
801   -0.539188
802   -0.538108
803   -0.536943
804   -0.537319
805   -0.537808
806   -0.537922
807   -0.536954
808   -0.538469
809   -0.537547
810   -0.539969
811   -0.541552
812   -0.541424
813   -0.540052
814   -0.538521
815   -0.538686
816   -0.53965
817   -0.540995
818   -0.540845
819   -0.5389
820   -0.540373
821   -0.539074
822   -0.53824
823   -0.539787
824   -0.539685
825   -0.539131
826   -0.540207
827   -0.539457
828   -0.539998
829   -0.541098
830   -0.540321
831   -0.540171
832   -0.539619
833   -0.540521
834   -0.540734
835   -0.540025
836   -0.542736
837   -0.540901
838   -0.540684
839   -0.540666
840   -0.539996
841   -0.540866
842   -0.541344
843   -0.541848
844   -0.540591
845   -0.540699
846   -0.541519
847   -0.540451
848   -0.54032
849   -0.542339
850   -0.540588
851   -0.541438
852   -0.540947
853   -0.540742
854   -0.54167
855   -0.541173
856   -0.541739
857   -0.542037
858   -0.542934
859   -0.54017
860   -0.5418
861   -0.540526
862   -0.542118
863   -0.54097
864   -0.540994
865   -0.540594
866   -0.540227
867   -0.541919
868   -0.541349
869   -0.540673
870   -0.541465
871   -0.541653
872   -0.54126
873   -0.541861
874   -0.540909
875   -0.542582
876   1.48586
877   -0.529547
878   -0.537144
879   -0.540614
880   -0.539298
881   -0.538276
882   -0.544043
883   -0.539496
884   -0.541182
885   -0.542409
886   -0.540918
887   -0.539865
888   -0.541612
889   -0.542361
890   -0.541041
891   -0.541422
892   -0.541887
893   -0.542575
894   -0.541422
895   -0.541163
896   -0.542476
897   -0.542437
898   -0.542886
899   -0.541632
900   -0.542673
901   -0.541722
902   -0.541363
903   -0.541459
904   -0.541728
905   -0.542652
906   -0.541503
907   -0.545763
908   -0.542301
909   -0.542461
910   -0.539746
911   -0.54168
912   -0.54301
913   -0.541348
914   -0.543884
915   -0.541982
916   1.51971
917   -0.532712
918   -0.524845
919   -0.536333
920   -0.536689
921   -0.537644
922   -0.53906
923   -0.539813
924   -0.54086
925   -0.53875
926   -0.541527
927   -0.539727
928   -0.539892
929   -0.542498
930   -0.541468
931   -0.539515
932   -0.539516
933   -0.541312
934   -0.541525
935   -0.5418
936   -0.541258
937   -0.541777
938   -0.54058
939   -0.541581
940   -0.541033
941   -0.540401
942   -0.541762
943   -0.541559
944   -0.542635
945   -0.541726
946   -0.54173
947   -0.543783
948   -0.541882
949   -0.542674
950   -0.541744
951   -0.541324
952   -0.542423
953   -0.541709
954   -0.543259
955   -0.542804
956   -0.543299
957   -0.540153
958   -0.542707
959   -0.542763
960   -0.540453
961   -0.541034
962   -0.54121
963   -0.54332
964   -0.539864
965   -0.542141
966   -0.541814
967   -0.541746
968   -0.542418
969   -0.541612
970   -0.542648
971   -0.541549
972   -0.543364
973   -0.541906
974   -0.5421
975   -0.541418
976   -0.542379
977   -0.542681
978   -0.540638
979   -0.54336
980   -0.542748
981   -0.543448
982   -0.542423
983   -0.542324
984   -0.543783
985   -0.54129
986   -0.543891
987   -0.542352
988   -0.541478
989   -0.541901
990   -0.542725
991   -0.542834
992   -0.542238
993   -0.542327
994   -0.541921
995   -0.542296
996   -0.541975
997   -0.543225
998   -0.540717
999   -0.542907
